---------
10e+05
16 	 2.684355e+06
24 	 1.258291e+07
32 	 1.491308e+07
40 	 2.097152e+07
48 	 5.033165e+07
56 	 2.609789e+07
64 	 3.355443e+07
72 	 3.774874e+07
80 	 6.710886e+07
88 	 4.613734e+07
96 	 5.033165e+07
104 	 4.846751e+07
112 	 5.872026e+07
120 	 5.592405e+07
128 	 6.710886e+07
136 	 7.130317e+07
144 	 4.645998e+07
152 	 7.969178e+07
160 	 8.388608e+07
168 	 7.829367e+07
176 	 9.227469e+07
184 	 8.575022e+07
192 	 1.006633e+08
200 	 1.048576e+08
208 	 9.693503e+07
216 	 1.132462e+08
224 	 1.174405e+08
232 	 1.081198e+08
240 	 1.258291e+08
248 	 1.155764e+08
256 	 1.342177e+08
264 	 1.384120e+08
272 	 1.267612e+08
280 	 1.468006e+08
288 	 1.342177e+08
296 	 1.551892e+08
304 	 1.593836e+08
312 	 1.454025e+08
320 	 1.118481e+08
328 	 6.551103e+07
336 	 1.761608e+08
344 	 1.603156e+08
352 	 1.845494e+08
360 	 1.677722e+08
368 	 1.929380e+08
376 	 1.213122e+08
384 	 1.238933e+08
392 	 2.055209e+08
400 	 1.864135e+08
408 	 2.139095e+08
416 	 1.938701e+08
424 	 2.222981e+08
432 	 1.393799e+08
440 	 2.306867e+08
448 	 2.348810e+08
456 	 1.471233e+08
464 	 1.621798e+08
472 	 2.199679e+08
480 	 1.258291e+08
488 	 1.204012e+08
496 	 2.600468e+08
504 	 1.626099e+08
512 	 2.684355e+08
520 	 1.677722e+08
528 	 1.845494e+08
536 	 2.497941e+08
544 	 1.901418e+08
552 	 2.572506e+08
560 	 2.936013e+08
568 	 1.985304e+08
576 	 2.684355e+08
584 	 2.041228e+08
592 	 1.910022e+08
600 	 3.145728e+08
608 	 1.961644e+08
616 	 3.229614e+08
624 	 2.013266e+08
632 	 3.313500e+08
640 	 5.263440e+07
648 	 3.397386e+08
656 	 2.292886e+08
664 	 3.094464e+08
672 	 2.348810e+08
680 	 3.169030e+08
688 	 2.404734e+08
696 	 3.243595e+08
704 	 2.460658e+08
712 	 3.318160e+08
720 	 2.516582e+08
728 	 3.392726e+08
736 	 2.572506e+08
744 	 2.400432e+08
752 	 2.628431e+08
760 	 2.452055e+08
768 	 2.684355e+08
776 	 3.616422e+08
784 	 2.740279e+08
792 	 2.555299e+08
800 	 2.581110e+08
808 	 2.606921e+08
816 	 2.632732e+08
824 	 2.880089e+08
832 	 2.684355e+08
840 	 4.404019e+08
848 	 2.735977e+08
856 	 2.991937e+08
864 	 2.787599e+08
872 	 3.047861e+08
880 	 2.839221e+08
888 	 3.103785e+08
896 	 2.890843e+08
904 	 2.916654e+08
912 	 3.187671e+08
920 	 2.968277e+08
928 	 3.243595e+08
936 	 3.019899e+08
944 	 3.299519e+08
952 	 4.436642e+08
960 	 3.355443e+08
968 	 3.123143e+08
976 	 5.117051e+08
984 	 3.174765e+08
992 	 3.467291e+08
1000 	 4.660338e+08
1008 	 3.523215e+08
1016 	 2.029244e+08
1024 	 3.303821e+08
1032 	 3.329632e+08
1040 	 5.452595e+08
1048 	 3.381254e+08
1056 	 3.690988e+08
1064 	 3.432877e+08
1072 	 5.620367e+08
1080 	 3.484499e+08
1088 	 2.173049e+08
1096 	 5.746196e+08
1104 	 3.561932e+08
1112 	 3.886722e+08
1120 	 3.613554e+08
1128 	 3.942646e+08
1136 	 5.955912e+08
1144 	 5.331426e+08
1152 	 6.039798e+08
1160 	 3.742610e+08
1168 	 4.082456e+08
1176 	 3.794232e+08
1184 	 4.138380e+08
1192 	 3.845854e+08
1200 	 3.871665e+08
1208 	 6.333399e+08
1216 	 3.923287e+08
1224 	 4.278190e+08
1232 	 3.974910e+08
1240 	 4.334114e+08
1248 	 4.026532e+08
1256 	 4.390038e+08
1264 	 4.078154e+08
1272 	 4.103965e+08
1280 	 4.473924e+08
1288 	 4.155587e+08
1296 	 4.529848e+08
1304 	 4.207210e+08
1312 	 4.233021e+08
1320 	 4.613734e+08
1328 	 4.284643e+08
1336 	 4.669658e+08
1344 	 4.336265e+08
1352 	 4.725583e+08
1360 	 4.387887e+08
1368 	 4.413698e+08
1376 	 4.809469e+08
1384 	 4.465321e+08
1392 	 4.865393e+08
1400 	 4.516943e+08
1408 	 4.542754e+08
1416 	 7.423918e+08
1424 	 4.594376e+08
1432 	 4.620187e+08
1440 	 3.774874e+08
1448 	 3.572560e+08
1456 	 5.089089e+08
1464 	 4.723432e+08
1472 	 4.749243e+08
1480 	 5.172975e+08
1488 	 4.800865e+08
1496 	 4.826676e+08
1504 	 5.256861e+08
1512 	 4.878298e+08
1520 	 5.312785e+08
1528 	 4.929920e+08
1536 	 8.053064e+08
1544 	 8.095007e+08
1552 	 7.232844e+08
1560 	 5.452595e+08
1568 	 5.058976e+08
1576 	 5.084787e+08
1584 	 2.290958e+08
1592 	 5.136409e+08
1600 	 5.592405e+08
1608 	 5.188031e+08
1616 	 5.213843e+08
1624 	 5.676291e+08
1632 	 5.265465e+08
1640 	 5.291276e+08
1648 	 5.760177e+08
1656 	 5.342898e+08
1664 	 5.368709e+08
1672 	 2.805151e+08
1680 	 5.872026e+08
1688 	 5.446142e+08
1696 	 5.47198 	 7.078994e+04
16 	 2.684355e+06
24 	 1.258291e+07
32 	 1.491308e+07
40 	 2.097152e+07
48 	 2.516582e+07
56 	 2.609789e+07
64 	 6.710886e+07
72 	 3.774874e+07
80 	 3.728270e+07
88 	 4.613734e+07
96 	 2.368548e+07
104 	 5.452595e+07
112 	 5.219578e+07
120 	 6.291456e+07
128 	 4.473924e+07
136 	 6.338059e+07
144 	 7.549747e+07
152 	 7.969178e+07
160 	 7.456540e+07
168 	 8.808038e+07
176 	 8.202194e+07
184 	 9.646899e+07
192 	 1.006633e+08
200 	 1.677722e+08
208 	 1.090519e+08
216 	 1.132462e+08
224 	 1.043916e+08
232 	 1.216348e+08
240 	 1.258291e+08
248 	 1.155764e+08
256 	 1.342177e+08
264 	 1.230329e+08
272 	 1.426063e+08
280 	 1.468006e+08
288 	 1.342177e+08
296 	 1.551892e+08
304 	 1.416743e+08
312 	 1.635779e+08
320 	 1.677722e+08
328 	 1.528591e+08
336 	 1.761608e+08
344 	 1.603156e+08
352 	 1.230329e+08
360 	 7.190235e+07
368 	 1.929380e+08
376 	 1.752287e+08
384 	 2.013266e+08
392 	 2.055209e+08
400 	 1.864135e+08
408 	 1.426063e+08
416 	 1.342177e+08
424 	 2.222981e+08
432 	 3.552822e+07
440 	 2.306867e+08
448 	 2.348810e+08
456 	 2.125114e+08
464 	 1.621798e+08
472 	 2.199679e+08
480 	 1.677722e+08
488 	 1.574477e+08
496 	 2.600468e+08
504 	 2.348810e+08
512 	 2.684355e+08
520 	 1.677722e+08
528 	 1.703533e+08
536 	 2.810184e+08
544 	 2.535224e+08
552 	 2.894070e+08
560 	 2.609789e+08
568 	 1.985304e+08
576 	 3.019899e+08
584 	 2.721637e+08
592 	 2.069190e+08
600 	 1.935833e+08
608 	 1.500080e+08
616 	 1.519818e+08
624 	 3.271557e+08
632 	 2.039077e+08
640 	 2.236962e+08
648 	 3.019899e+08
656 	 2.292886e+08
664 	 3.094464e+08
672 	 2.348810e+08
680 	 2.193944e+08
688 	 3.607101e+08
696 	 2.245566e+08
704 	 3.690988e+08
712 	 2.297188e+08
720 	 2.322999e+08
728 	 2.348810e+08
736 	 2.374621e+08
744 	 3.900703e+08
752 	 2.426244e+08
760 	 3.984589e+08
768 	 2.477866e+08
776 	 4.068475e+08
784 	 2.529488e+08
792 	 4.152361e+08
800 	 2.581110e+08
808 	 2.824165e+08
816 	 2.632732e+08
824 	 2.880089e+08
832 	 2.684355e+08
840 	 4.404019e+08
848 	 2.735977e+08
856 	 4.487905e+08
864 	 1.449551e+08
872 	 2.813410e+08
880 	 3.075823e+08
888 	 2.865032e+08
896 	 3.131747e+08
904 	 2.916654e+08
912 	 3.187671e+08
920 	 2.968277e+08
928 	 3.243595e+08
936 	 3.019899e+08
944 	 3.045710e+08
952 	 3.327481e+08
960 	 3.097332e+08
968 	 3.383405e+08
976 	 2.408024e+08
984 	 3.174765e+08
992 	 3.467291e+08
1000 	 3.226388e+08
1008 	 1.457882e+08
1016 	 3.278010e+08
1024 	 3.579139e+08
1032 	 3.329632e+08
1040 	 3.635063e+08
1048 	 3.381254e+08
1056 	 3.407065e+08
1064 	 3.718950e+08
1072 	 3.458688e+08
1080 	 3.774874e+08
1088 	 3.510310e+08
1096 	 2.873098e+08
1104 	 3.561932e+08
1112 	 3.886722e+08
1120 	 3.613554e+08
1128 	 3.639365e+08
1136 	 3.665176e+08
1144 	 3.998570e+08
1152 	 3.716799e+08
1160 	 4.054494e+08
1168 	 3.768421e+08
1176 	 4.110418e+08
1184 	 3.820043e+08
1192 	 3.845854e+08
1200 	 4.194304e+08
1208 	 3.897476e+08
1216 	 3.000161e+08
1224 	 4.278190e+08
1232 	 3.974910e+08
1240 	 4.334114e+08
1248 	 4.026532e+08
1256 	 4.052343e+08
1264 	 4.418000e+08
1272 	 4.103965e+08
1280 	 4.473924e+08
1288 	 4.155587e+08
1296 	 4.529848e+08
1304 	 4.207210e+08
1312 	 4.233021e+08
1320 	 4.613734e+08
1328 	 3.276492e+08
1336 	 4.310454e+08
1344 	 4.697620e+08
1352 	 4.362076e+08
1360 	 4.753545e+08
1368 	 3.375181e+08
1376 	 4.439509e+08
1384 	 4.837431e+08
1392 	 4.491132e+08
1400 	 3.454133e+08
1408 	 9.525129e+07
1416 	 3.493609e+08
1424 	 4.594376e+08
1432 	 3.533084e+08
1440 	 3.774874e+08
1448 	 2.892072e+08
1456 	 4.697620e+08
1464 	 3.612036e+08
1472 	 5.145013e+08
1480 	 2.483028e+08
1488 	 3.671250e+08
1496 	 4.826676e+08
1504 	 3.942646e+08
1512 	 3.730463e+08
1520 	 4.904109e+08
1528 	 4.005560e+08
1536 	 4.955731e+08
1544 	 2.590402e+08
1552 	 3.829153e+08
1560 	 4.089446e+08
1568 	 5.058976e+08
1576 	 3.888367e+08
1584 	 5.536481e+08
1592 	 5.136409e+08
1600 	 3.947580e+08
1608 	 5.620367e+08
1616 	 3.987056e+08
1624 	 5.239654e+08
1632 	 4.026532e+08
1640 	 5.732215e+08
1648 	 5.317087e+08
1656 	 4.341105e+08
1664 	 5.368709e+08
1672 	 4.125221e+08
1680 	 5.872026e+08
1688 	 4.164697e+08
1696 	 5.47198 	 1.597830e+05
16 	 1.677722e+07
24 	 2.516582e+07
32 	 1.491308e+07
40 	 4.194304e+07
48 	 5.033165e+07
56 	 4.697620e+07
64 	 3.355443e+07
72 	 7.549747e+07
80 	 6.710886e+07
88 	 9.227469e+07
96 	 1.006633e+08
104 	 8.724152e+07
112 	 1.174405e+08
120 	 1.258291e+08
128 	 1.342177e+08
136 	 1.426063e+08
144 	 1.207960e+08
152 	 1.593836e+08
160 	 1.677722e+08
168 	 1.761608e+08
176 	 1.845494e+08
184 	 1.543504e+08
192 	 2.013266e+08
200 	 2.097152e+08
208 	 1.744830e+08
216 	 2.264924e+08
224 	 1.174405e+08
232 	 1.081198e+08
240 	 1.258291e+08
248 	 1.155764e+08
256 	 1.342177e+08
264 	 1.384120e+08
272 	 1.267612e+08
280 	 1.468006e+08
288 	 1.342177e+08
296 	 3.103785e+08
304 	 3.187671e+08
312 	 3.271557e+08
320 	 3.355443e+08
328 	 8.092539e+07
336 	 1.761608e+08
344 	 3.607101e+08
352 	 3.690988e+08
360 	 3.019899e+08
368 	 3.858760e+08
376 	 3.942646e+08
384 	 4.026532e+08
392 	 4.110418e+08
400 	 1.864135e+08
408 	 2.139095e+08
416 	 3.489661e+08
424 	 4.445962e+08
432 	 4.529848e+08
440 	 2.306867e+08
448 	 4.697620e+08
456 	 3.825205e+08
464 	 4.865393e+08
472 	 2.199679e+08
480 	 5.033165e+08
488 	 4.093641e+08
496 	 5.200937e+08
504 	 4.227858e+08
512 	 2.684355e+08
520 	 4.362076e+08
528 	 5.536481e+08
536 	 2.497941e+08
544 	 5.704253e+08
552 	 5.788140e+08
560 	 2.936013e+08
568 	 5.955912e+08
576 	 2.684355e+08
584 	 6.123684e+08
592 	 4.966056e+08
600 	 6.291456e+08
608 	 5.100274e+08
616 	 3.229614e+08
624 	 5.234491e+08
632 	 3.313500e+08
640 	 5.711393e+07
648 	 3.397386e+08
656 	 6.878659e+08
664 	 3.094464e+08
672 	 7.046431e+08
680 	 3.169030e+08
688 	 7.214203e+08
696 	 3.243595e+08
704 	 7.381975e+08
712 	 3.318160e+08
720 	 7.549747e+08
728 	 3.392726e+08
736 	 7.717519e+08
744 	 3.467291e+08
752 	 3.942646e+08
760 	 7.969178e+08
768 	 8.053064e+08
776 	 3.616422e+08
784 	 4.110418e+08
792 	 8.304722e+08
800 	 4.194304e+08
808 	 4.236247e+08
816 	 8.556380e+08
824 	 8.640266e+08
832 	 6.979322e+08
840 	 4.404019e+08
848 	 3.951966e+08
856 	 8.975811e+08
864 	 9.059697e+08
872 	 4.571791e+08
880 	 4.101097e+08
888 	 9.311355e+08
896 	 9.395241e+08
904 	 9.479127e+08
912 	 4.781507e+08
920 	 4.287511e+08
928 	 4.865393e+08
936 	 4.362076e+08
944 	 9.898557e+08
952 	 4.436642e+08
960 	 1.006633e+09
968 	 1.015022e+09
976 	 5.117051e+08
984 	 4.585772e+08
992 	 1.040187e+09
1000 	 8.388608e+08
1008 	 1.056965e+09
1016 	 2.029244e+08
1024 	 1.073742e+09
1032 	 1.082130e+09
1040 	 5.452595e+08
1048 	 4.884034e+08
1056 	 1.107296e+09
1064 	 1.115685e+09
1072 	 5.620367e+08
1080 	 5.033165e+08
1088 	 5.704253e+08
1096 	 5.746196e+08
1104 	 5.145013e+08
1112 	 1.166017e+09
1120 	 9.395241e+08
1128 	 1.182794e+09
1136 	 3.665176e+08
1144 	 5.331426e+08
1152 	 6.039798e+08
1160 	 5.405992e+08
1168 	 1.224737e+09
1176 	 9.865003e+08
1184 	 6.207570e+08
1192 	 5.555123e+08
1200 	 6.291456e+08
1208 	 6.333399e+08
1216 	 5.666971e+08
1224 	 6.417285e+08
1232 	 5.741536e+08
1240 	 6.501171e+08
1248 	 6.543114e+08
1256 	 6.585057e+08
1264 	 1.325400e+09
1272 	 1.333789e+09
1280 	 1.342177e+09
1288 	 1.080453e+09
1296 	 1.358954e+09
1304 	 6.077080e+08
1312 	 1.375732e+09
1320 	 1.384120e+09
1328 	 6.188929e+08
1336 	 7.004488e+08
1344 	 6.263494e+08
1352 	 7.088374e+08
1360 	 6.338059e+08
1368 	 1.434452e+09
1376 	 1.442841e+09
1384 	 1.160983e+09
1392 	 7.298089e+08
1400 	 7.340032e+08
1408 	 6.561756e+08
1416 	 7.423918e+08
1424 	 6.636321e+08
1432 	 1.501561e+09
1440 	 7.549747e+08
1448 	 1.214670e+09
1456 	 1.526727e+09
1464 	 7.675576e+08
1472 	 6.860017e+08
1480 	 7.759462e+08
1488 	 6.934583e+08
1496 	 7.843348e+08
1504 	 7.885292e+08
1512 	 1.268358e+09
1520 	 1.593836e+09
1528 	 8.011121e+08
1536 	 8.053064e+08
1544 	 8.095007e+08
1552 	 7.232844e+08
1560 	 8.178893e+08
1568 	 7.307410e+08
1576 	 8.262779e+08
1584 	 3.908104e+08
1592 	 7.419258e+08
1600 	 8.388608e+08
1608 	 1.686110e+09
1616 	 7.531106e+08
1624 	 8.514437e+08
1632 	 7.605671e+08
1640 	 1.719665e+09
1648 	 8.640266e+08
1656 	 7.717519e+08
1664 	 8.724152e+08
1672 	 4.383048e+08
1680 	 8.808038e+08
1688 	 7.866650e+08
1696 	 8.89198 	 3.608003e+05
16 	 1.677722e+07
24 	 2.516582e+07
32 	 2.684355e+07
40 	 4.194304e+07
48 	 5.033165e+07
56 	 4.697620e+07
64 	 6.710886e+07
72 	 7.549747e+07
80 	 6.710886e+07
88 	 9.227469e+07
96 	 3.097332e+07
104 	 1.090519e+08
112 	 1.174405e+08
120 	 1.258291e+08
128 	 1.342177e+08
136 	 1.140851e+08
144 	 1.509949e+08
152 	 1.593836e+08
160 	 1.677722e+08
168 	 1.761608e+08
176 	 1.845494e+08
184 	 1.929380e+08
192 	 2.013266e+08
200 	 1.677722e+08
208 	 2.181038e+08
216 	 2.264924e+08
224 	 1.879048e+08
232 	 2.432696e+08
240 	 1.258291e+08
248 	 1.155764e+08
256 	 1.342177e+08
264 	 2.768241e+08
272 	 2.852127e+08
280 	 2.936013e+08
288 	 1.342177e+08
296 	 3.103785e+08
304 	 1.416743e+08
312 	 3.271557e+08
320 	 3.355443e+08
328 	 3.439329e+08
336 	 3.523215e+08
344 	 2.885681e+08
352 	 3.690988e+08
360 	 1.161500e+08
368 	 1.929380e+08
376 	 1.752287e+08
384 	 4.026532e+08
392 	 4.110418e+08
400 	 4.194304e+08
408 	 4.278190e+08
416 	 3.489661e+08
424 	 4.445962e+08
432 	 3.552822e+07
440 	 4.613734e+08
448 	 2.348810e+08
456 	 3.825205e+08
464 	 4.865393e+08
472 	 4.949279e+08
480 	 5.033165e+08
488 	 4.093641e+08
496 	 5.200937e+08
504 	 2.348810e+08
512 	 5.368709e+08
520 	 5.452595e+08
528 	 5.536481e+08
536 	 5.620367e+08
544 	 2.535224e+08
552 	 5.788140e+08
560 	 4.697620e+08
568 	 5.955912e+08
576 	 6.039798e+08
584 	 6.123684e+08
592 	 6.207570e+08
600 	 5.033165e+08
608 	 3.187671e+08
616 	 6.459228e+08
624 	 3.271557e+08
632 	 6.627000e+08
640 	 6.710886e+08
648 	 6.794772e+08
656 	 6.878659e+08
664 	 3.094464e+08
672 	 7.046431e+08
680 	 5.704253e+08
688 	 3.607101e+08
696 	 7.298089e+08
704 	 3.690988e+08
712 	 7.465861e+08
720 	 7.549747e+08
728 	 7.633633e+08
736 	 7.717519e+08
744 	 3.900703e+08
752 	 7.885292e+08
760 	 3.984589e+08
768 	 8.053064e+08
776 	 8.136950e+08
784 	 8.220836e+08
792 	 8.304722e+08
800 	 8.388608e+08
808 	 8.472494e+08
816 	 6.845104e+08
824 	 4.320133e+08
832 	 6.979322e+08
840 	 4.404019e+08
848 	 7.113540e+08
856 	 4.487905e+08
864 	 2.131693e+08
872 	 7.314866e+08
880 	 9.227469e+08
888 	 4.138380e+08
896 	 4.697620e+08
904 	 7.583302e+08
912 	 9.563013e+08
920 	 4.287511e+08
928 	 4.865393e+08
936 	 9.814671e+08
944 	 9.898557e+08
952 	 9.982444e+08
960 	 8.053064e+08
968 	 5.075108e+08
976 	 5.117051e+08
984 	 4.585772e+08
992 	 5.200937e+08
1000 	 1.048576e+09
1008 	 5.284823e+08
1016 	 4.734903e+08
1024 	 1.073742e+09
1032 	 8.657043e+08
1040 	 1.090519e+09
1048 	 1.098908e+09
1056 	 1.107296e+09
1064 	 1.115685e+09
1072 	 8.992588e+08
1080 	 1.132462e+09
1088 	 5.070448e+08
1096 	 5.746196e+08
1104 	 5.145013e+08
1112 	 5.830083e+08
1120 	 5.872026e+08
1128 	 1.182794e+09
1136 	 5.294144e+08
1144 	 5.997855e+08
1152 	 5.368709e+08
1160 	 6.081741e+08
1168 	 6.123684e+08
1176 	 6.165627e+08
1184 	 6.207570e+08
1192 	 5.555123e+08
1200 	 6.291456e+08
1208 	 5.629688e+08
1216 	 6.375342e+08
1224 	 6.417285e+08
1232 	 5.741536e+08
1240 	 6.501171e+08
1248 	 5.816102e+08
1256 	 1.317011e+09
1264 	 1.325400e+09
1272 	 1.333789e+09
1280 	 1.342177e+09
1288 	 1.080453e+09
1296 	 6.794772e+08
1304 	 6.836716e+08
1312 	 6.114363e+08
1320 	 6.920602e+08
1328 	 6.188929e+08
1336 	 7.004488e+08
1344 	 1.409286e+09
1352 	 1.134140e+09
1360 	 1.426063e+09
1368 	 6.375342e+08
1376 	 7.214203e+08
1384 	 1.451229e+09
1392 	 6.487190e+08
1400 	 7.340032e+08
1408 	 4.921317e+08
1416 	 7.423918e+08
1424 	 6.636321e+08
1432 	 7.507804e+08
1440 	 7.549747e+08
1448 	 7.591690e+08
1456 	 1.221381e+09
1464 	 7.675576e+08
1472 	 7.717519e+08
1480 	 3.651512e+08
1488 	 6.934583e+08
1496 	 1.568670e+09
1504 	 7.885292e+08
1512 	 7.046431e+08
1520 	 7.083713e+08
1528 	 8.011121e+08
1536 	 1.610613e+09
1544 	 3.809415e+08
1552 	 7.232844e+08
1560 	 8.178893e+08
1568 	 8.220836e+08
1576 	 7.344692e+08
1584 	 1.660944e+09
1592 	 8.346665e+08
1600 	 7.456540e+08
1608 	 1.686110e+09
1616 	 8.472494e+08
1624 	 1.362310e+09
1632 	 8.556380e+08
1640 	 1.719665e+09
1648 	 7.680237e+08
1656 	 8.682209e+08
1664 	 8.724152e+08
1672 	 7.792085e+08
1680 	 8.808038e+08
1688 	 8.849981e+08
1696 	 7.903933e+08
1704 	 8.933868e+08
1712 	 8.975811e+08
1720 	 9.017754e+08
1728 	 9.059697e+08
1736 	 9.101640e+08
1744 	 1.828717e+09
1752 	 8.164912e+08
1760 	 9.227469e+08
1768 	 9.269412e+08
1776 	 8.276760e+08
1784 	 9.353298e+08
1792 	 9.395241e+08
1800 	 1.509949e+09
1808 	 9.479127e+08
1816 	 9.521070e+08
1824 	 8.500456e+08
1832 	 5.910742e+08
1840 	 8.575022e+08
1848 	 9.688842e+08
1856 	 9.730785e+08
1864 	 8.686870e+08
1872 	 9.814671e+08
1880 	 8.761435e+08
1888 	 8.798718e+08
1896 	 1.988100e+09
1904 	 9.982444e+08
1912 	 1.603902e+09
1920 	 1.006633e+09
1928 	 1.010827e+09
1936 	 1.015022e+09
1944 	 9.059697e+08
1952 	 1.023410e+09
1960 	 2.055209e+09
1968 	 9.171545e+08
1976 	 2.071986e+09
1984 	 1.040187e+09
1992 	 9.283393e+08
2000 	 1.048576e+09
2008 	 1.052770e+09
2016 	 1.056965e+09
2024 	 9.432524e+08
2032 	 1.065353e+09
2040 	 1.069548e+09
2048 	 9.544372e+08
2056 	 1.077936e+09
2064 	 1.082130e+09
2072 	 1.086325e+09
2080 	 1.744830e+09
2088 	 1.094713e+09
2096 	 1.098908e+09
2104 	 1.103102e+09
2112 	 1.107296e+09
2120 	 1.111491e+09
2128 	 1.115685e+09
2136 	 9.954481e+08
2144 	 9.991764e+08
2152 	 2.256536e+09
2160 	 1.132462e+09
2168 	 1.010361e+09
2176 	 1.014090e+09
2184 	 2.290090e+09
2192 	 1.021546e+09
2200 	 1.025274e+09
2208 	 1.157628e+09
2216 	 1.161822e+09
2224 	 1.166017e+09
2232 	 1.040187e+09
2240 	 1.043916e+09
2248 	 1.178599e+09
2256 	 1.051372e+09
2264 	 1.055100e+09
2272 	 1.191182e+09
2280 	 1.195377e+09
2288 	 1.199571e+09
2296 	 1.070014e+09
2304 	 1.073742e+09
2312 	 1.212154e+09
2320 	 1.216348e+09
2328 	 1.084927e+09
2336 	 7.536842e+08
2344 	 2.457862e+09
2352 	 8.220836e+08
2360 	 7.614275e+08
2368 	 1.103568e+09
2376 	 2.491417e+09
2384 	 1.249903e+09
2392 	 1.254097e+09
2400 	 1.118481e+09
2408 	 1.122209e+09
2416 	 1.266680e+09
2424 	 1.270874e+09
2432 	 1.275068e+09
2440 	 1.137122e+09
2448 	 1.140851e+09
2456 	 1.287651e+09
2464 	 8.612304e+08
2472 	 1.296040e+09
2480 	 1.155764e+09
2488 	 1.159492e+09
2496 	 1.308623e+09
2504 	 1.312817e+09
2512 	 1.317011e+09
2520 	 1.174405e+09
2528 	 1.178133e+09
2536 	 8.863962e+08
2544 	 1.333789e+09
2552 	 1.337983e+09
2560 	 1.193046e+09
2568 	 1.196775e+09
2576 	 8.311175e+08
2584 	 1.354760e+09
2592 	 9.059697e+08
2600 	 1.363149e+09
2608 	 8.414419e+08
2616 	 1.219144e+09
2624 	 1.222873e+09
2632 	 1.226601e+09
2640 	 1.384120e+09
2648 	 1.388315e+09
2656 	 1.392509e+09
2664 	 8.595097e+08
2672 	 8.620908e+08
2680 	 1.248971e+09
2688 	 1.252699e+09
2696 	 8.698341e+08
2704 	 1.417675e+09
2712 	 1.421869e+09
2720 	 9.507089e+08
2728 	 1.271340e+09
2736 	 1.275068e+09
2744 	 8.853208e+08
2752 	 1.282525e+09
2760 	 1.447035e+09
2768 	 9.674861e+08
2776 	 1.455423e+09
2784 	 1.459618e+09
2792 	 1.463812e+09
2800 	 9.033886e+08
2808 	 1.308623e+09
2816 	 1.312351e+09
2824 	 1.316079e+09
2832 	 1.484784e+09
2840 	 1.488978e+09
2848 	 9.954481e+08
2856 	 1.497367e+09
2864 	 9.240374e+08
2872 	 1.338449e+09
2880 	 1.342177e+09
2888 	 1.345906e+09
2896 	 1.518338e+09
2904 	 1.522532e+09
2912 	 1.526727e+09
2920 	 1.530921e+09
2928 	 1.535115e+09
2936 	 1.368275e+09
2944 	 1.372003e+09
2952 	 1.547698e+09
2960 	 1.551892e+09
2968 	 1.037391e+09
2976 	 1.040187e+09
2984 	 1.564475e+09
2992 	 1.568670e+09
3000 	 1.572864e+09
3008 	 1.577058e+09
3016 	 1.405558e+09
3024 	 9.756596e+08
3032 	 1.413014e+09
3040 	 1.416743e+09
3048 	 9.834030e+08
3056 	 9.859841e+08
3064 	 1.606418e+09
3072 	 1.610613e+09
3080 	 1.614807e+09
3088 	 1.619001e+09
3096 	 9.988896e+08
3104 	 1.446569e+09
3112 	 1.450297e+09
3120 	 1.006633e+09
3128 	 1.457754e+09
3136 	 1.644167e+09
3144 	 1.465210e+09
3152 	 1.468938e+09
3160 	 1.019539e+09
3168 	 1.660944e+09
3176 	 1.665139e+09
3184 	 1.027282e+09
3192 	 1.487580e+09
3200 	 1.491308e+09
3208 	 1.035025e+09
3216 	 1.686110e+09
3224 	 1.690305e+09
3232 	 1.694499e+09
3240 	 1.698693e+09
3248 	 1.135258e+09
3256 	 1.138054e+09
3264 	 1.140851e+09
3272 	 1.143647e+09
3280 	 1.719665e+09
3288 	 1.723859e+09
3296 	 1.728053e+09
3304 	 4.619327e+08
3312 	 8.682209e+08
3320 	 1.071161e+09
3328 	 1.073742e+09
3336 	 1.54e+08
1704 	 4.204173e+08
1712 	 4.487905e+08
1720 	 5.549387e+08
1728 	 4.263387e+08
1736 	 4.550820e+08
1744 	 5.626820e+08
1752 	 4.322600e+08
1760 	 6.151646e+08
1768 	 4.362076e+08
1776 	 5.730065e+08
1784 	 4.401552e+08
1792 	 4.697620e+08
1800 	 5.807498e+08
1808 	 4.460766e+08
1816 	 6.347380e+08
1824 	 5.884931e+08
1832 	 4.519979e+08
1840 	 5.936553e+08
1848 	 4.844421e+08
1856 	 5.988176e+08
1864 	 4.598931e+08
1872 	 6.543114e+08
1880 	 6.065609e+08
1888 	 4.658145e+08
1896 	 6.627000e+08
1904 	 6.143042e+08
1912 	 6.168853e+08
1920 	 4.737096e+08
1928 	 5.054136e+08
1936 	 6.246287e+08
1944 	 4.796310e+08
1952 	 5.117051e+08
1960 	 6.323720e+08
1968 	 4.855524e+08
1976 	 6.906621e+08
1984 	 4.894999e+08
1992 	 6.426964e+08
2000 	 6.452775e+08
2008 	 5.263852e+08
2016 	 6.504398e+08
2024 	 4.993689e+08
2032 	 5.326766e+08
2040 	 6.581831e+08
2048 	 5.052903e+08
2056 	 5.072641e+08
2064 	 5.410652e+08
2072 	 6.685075e+08
2080 	 6.710886e+08
2088 	 5.151592e+08
2096 	 5.494538e+08
2104 	 6.788320e+08
2112 	 6.814131e+08
2120 	 5.557453e+08
2128 	 5.250282e+08
2136 	 5.270020e+08
2144 	 5.289758e+08
2152 	 7.521785e+08
2160 	 5.329233e+08
2168 	 5.348971e+08
2176 	 7.020620e+08
2184 	 7.633633e+08
2192 	 5.408185e+08
2200 	 5.427923e+08
2208 	 5.447661e+08
2216 	 5.809111e+08
2224 	 5.487137e+08
2232 	 7.201297e+08
2240 	 7.227108e+08
2248 	 7.857329e+08
2256 	 5.566088e+08
2264 	 5.585826e+08
2272 	 5.605564e+08
2280 	 5.976883e+08
2288 	 7.381975e+08
2296 	 7.407786e+08
2304 	 7.433597e+08
2312 	 8.081026e+08
2320 	 8.108988e+08
2328 	 7.511031e+08
2336 	 7.536842e+08
2344 	 8.192874e+08
2352 	 8.220836e+08
2360 	 7.614275e+08
2368 	 7.640086e+08
2376 	 7.665897e+08
2384 	 5.881895e+08
2392 	 8.360646e+08
2400 	 5.921370e+08
2408 	 5.941108e+08
2416 	 5.960846e+08
2424 	 6.354371e+08
2432 	 6.000322e+08
2440 	 6.020060e+08
2448 	 6.039798e+08
2456 	 6.059536e+08
2464 	 6.459228e+08
2472 	 7.975630e+08
2480 	 6.118749e+08
2488 	 6.138487e+08
2496 	 6.158225e+08
2504 	 6.564086e+08
2512 	 6.197701e+08
2520 	 6.217439e+08
2528 	 6.237177e+08
2536 	 8.863962e+08
2544 	 8.891924e+08
2552 	 6.296390e+08
2560 	 6.316128e+08
2568 	 6.335866e+08
2576 	 5.145013e+08
2584 	 6.375342e+08
2592 	 5.435818e+08
2600 	 6.414818e+08
2608 	 5.208926e+08
2616 	 6.454294e+08
2624 	 6.474032e+08
2632 	 6.493769e+08
2640 	 6.513507e+08
2648 	 6.941573e+08
2656 	 6.962545e+08
2664 	 5.320774e+08
2672 	 5.336753e+08
2680 	 6.612197e+08
2688 	 6.631935e+08
2696 	 5.384687e+08
2704 	 6.671411e+08
2712 	 7.109345e+08
2720 	 5.432622e+08
2728 	 1.939332e+08
2736 	 6.750362e+08
2744 	 5.480557e+08
2752 	 6.789838e+08
2760 	 6.809576e+08
2768 	 8.930641e+08
2776 	 7.277117e+08
2784 	 7.298089e+08
2792 	 6.888528e+08
2800 	 6.908265e+08
2808 	 6.928003e+08
2816 	 6.947741e+08
2824 	 6.967479e+08
2832 	 5.656319e+08
2840 	 7.444890e+08
2848 	 5.688275e+08
2856 	 7.046431e+08
2864 	 7.066169e+08
2872 	 7.085907e+08
2880 	 5.752188e+08
2888 	 5.768167e+08
2896 	 7.145120e+08
2904 	 7.612662e+08
2912 	 7.633633e+08
2920 	 7.204334e+08
2928 	 7.224072e+08
2936 	 7.243810e+08
2944 	 7.263548e+08
2952 	 7.283286e+08
2960 	 7.303023e+08
2968 	 5.927950e+08
2976 	 5.943928e+08
2984 	 7.822377e+08
2992 	 5.975885e+08
3000 	 5.991863e+08
3008 	 7.421451e+08
3016 	 7.441189e+08
3024 	 6.039798e+08
3032 	 7.480665e+08
3040 	 7.500402e+08
3048 	 6.087733e+08
3056 	 6.103711e+08
3064 	 7.559616e+08
3072 	 8.053064e+08
3080 	 7.599092e+08
3088 	 7.618830e+08
3096 	 6.183602e+08
3104 	 7.658306e+08
3112 	 7.678044e+08
3120 	 6.231537e+08
3128 	 7.717519e+08
3136 	 5.261335e+08
3144 	 5.274757e+08
3152 	 7.776733e+08
3160 	 7.796471e+08
3168 	 7.816209e+08
3176 	 7.835947e+08
3184 	 6.359364e+08
3192 	 6.375342e+08
3200 	 7.895160e+08
3208 	 6.407299e+08
3216 	 7.934636e+08
3224 	 7.954374e+08
3232 	 6.455234e+08
3240 	 7.993850e+08
3248 	 6.811550e+08
3256 	 6.503168e+08
3264 	 6.519147e+08
3272 	 6.535125e+08
3280 	 8.092539e+08
3288 	 8.112277e+08
3296 	 6.583060e+08
3304 	 3.012604e+08
3312 	 4.085746e+08
3320 	 6.630995e+08
3328 	 6.646973e+08
3336 	 6.54e+08
1704 	 5.955912e+08
1712 	 5.523576e+08
1720 	 5.549387e+08
1728 	 6.039798e+08
1736 	 5.601009e+08
1744 	 5.626820e+08
1752 	 6.123684e+08
1760 	 5.678442e+08
1768 	 6.179608e+08
1776 	 5.730065e+08
1784 	 5.755876e+08
1792 	 6.263494e+08
1800 	 6.291456e+08
1808 	 5.833309e+08
1816 	 6.347380e+08
1824 	 6.375342e+08
1832 	 5.910742e+08
1840 	 6.431266e+08
1848 	 5.962364e+08
1856 	 5.988176e+08
1864 	 6.515152e+08
1872 	 6.039798e+08
1880 	 6.065609e+08
1888 	 6.599038e+08
1896 	 6.117231e+08
1904 	 4.697620e+08
1912 	 6.682924e+08
1920 	 4.737096e+08
1928 	 4.756834e+08
1936 	 6.766810e+08
1944 	 6.272098e+08
1952 	 6.297909e+08
1960 	 4.835786e+08
1968 	 6.878659e+08
1976 	 4.875262e+08
1984 	 6.401153e+08
1992 	 5.221908e+08
2000 	 6.452775e+08
2008 	 6.478586e+08
2016 	 5.284823e+08
2024 	 6.530209e+08
2032 	 5.013427e+08
2040 	 5.033165e+08
2048 	 7.158279e+08
2056 	 6.633453e+08
2064 	 5.092379e+08
2072 	 5.431624e+08
2080 	 5.131854e+08
2088 	 6.736698e+08
2096 	 6.762509e+08
2104 	 7.354013e+08
2112 	 6.814131e+08
2120 	 4.234250e+08
2128 	 5.250282e+08
2136 	 6.891564e+08
2144 	 4.282185e+08
2152 	 7.521785e+08
2160 	 6.968997e+08
2168 	 6.994809e+08
2176 	 7.020620e+08
2184 	 5.725225e+08
2192 	 5.408185e+08
2200 	 7.098053e+08
2208 	 7.123864e+08
2216 	 7.745481e+08
2224 	 7.175486e+08
2232 	 7.201297e+08
2240 	 7.227108e+08
2248 	 7.857329e+08
2256 	 7.885292e+08
2264 	 7.304542e+08
2272 	 5.605564e+08
2280 	 5.625302e+08
2288 	 5.997855e+08
2296 	 5.664778e+08
2304 	 5.684516e+08
2312 	 5.704253e+08
2320 	 6.081741e+08
2328 	 5.743729e+08
2336 	 5.763467e+08
2344 	 5.783205e+08
2352 	 5.802943e+08
2360 	 6.186598e+08
2368 	 5.842419e+08
2376 	 4.745555e+08
2384 	 7.691708e+08
2392 	 5.901632e+08
2400 	 4.793490e+08
2408 	 4.809469e+08
2416 	 6.333399e+08
2424 	 5.980584e+08
2432 	 6.000322e+08
2440 	 4.873382e+08
2448 	 6.039798e+08
2456 	 6.059536e+08
2464 	 6.459228e+08
2472 	 8.640266e+08
2480 	 6.118749e+08
2488 	 6.138487e+08
2496 	 8.724152e+08
2504 	 8.752114e+08
2512 	 6.197701e+08
2520 	 6.217439e+08
2528 	 6.237177e+08
2536 	 5.065121e+08
2544 	 8.207930e+08
2552 	 6.689915e+08
2560 	 6.316128e+08
2568 	 6.335866e+08
2576 	 6.355604e+08
2584 	 8.336986e+08
2592 	 6.395080e+08
2600 	 6.815744e+08
2608 	 6.434556e+08
2616 	 6.454294e+08
2624 	 6.474032e+08
2632 	 9.199507e+08
2640 	 6.920602e+08
2648 	 6.533245e+08
2656 	 6.552983e+08
2664 	 6.572721e+08
2672 	 6.592459e+08
2680 	 6.612197e+08
2688 	 7.046431e+08
2696 	 6.651673e+08
2704 	 6.671411e+08
2712 	 8.749963e+08
2720 	 6.710886e+08
2728 	 6.730624e+08
2736 	 6.750362e+08
2744 	 7.193231e+08
2752 	 6.789838e+08
2760 	 6.809576e+08
2768 	 6.829314e+08
2776 	 6.849052e+08
2784 	 6.868790e+08
2792 	 6.888528e+08
2800 	 6.908265e+08
2808 	 7.361004e+08
2816 	 7.381975e+08
2824 	 6.967479e+08
2832 	 5.656319e+08
2840 	 7.006955e+08
2848 	 5.688275e+08
2856 	 7.046431e+08
2864 	 7.066169e+08
2872 	 7.528776e+08
2880 	 2.047389e+08
2888 	 9.317808e+08
2896 	 7.145120e+08
2904 	 5.800123e+08
2912 	 4.211660e+08
2920 	 4.898947e+08
2928 	 7.224072e+08
2936 	 7.243810e+08
2944 	 5.880015e+08
2952 	 7.283286e+08
2960 	 7.303023e+08
2968 	 5.927950e+08
2976 	 7.801405e+08
2984 	 7.822377e+08
2992 	 7.843348e+08
3000 	 7.864320e+08
3008 	 6.007841e+08
3016 	 7.441189e+08
3024 	 7.460927e+08
3032 	 7.480665e+08
3040 	 6.071754e+08
3048 	 7.520140e+08
3056 	 7.539878e+08
3064 	 6.119689e+08
3072 	 7.579354e+08
3080 	 7.599092e+08
3088 	 8.095007e+08
3096 	 8.115978e+08
3104 	 6.199581e+08
3112 	 8.157921e+08
3120 	 8.178893e+08
3128 	 6.247516e+08
3136 	 5.261335e+08
3144 	 8.241807e+08
3152 	 8.262779e+08
3160 	 8.283750e+08
3168 	 5.315022e+08
3176 	 7.835947e+08
3184 	 1.027282e+09
3192 	 7.875423e+08
3200 	 7.895160e+08
3208 	 6.407299e+08
3216 	 8.430551e+08
3224 	 8.451523e+08
3232 	 8.472494e+08
3240 	 8.493466e+08
3248 	 6.487190e+08
3256 	 6.503168e+08
3264 	 6.519147e+08
3272 	 6.535125e+08
3280 	 8.092539e+08
3288 	 8.112277e+08
3296 	 8.132015e+08
3304 	 8.151753e+08
3312 	 6.615017e+08
3320 	 6.630995e+08
3328 	 6.646973e+08
3336 	 6.24e+08
1704 	 1.786774e+09
1712 	 7.978498e+08
1720 	 9.017754e+08
1728 	 9.059697e+08
1736 	 8.090346e+08
1744 	 9.143583e+08
1752 	 9.185526e+08
1760 	 8.202194e+08
1768 	 1.853882e+09
1776 	 9.311355e+08
1784 	 8.314043e+08
1792 	 9.395241e+08
1800 	 9.437184e+08
1808 	 8.425891e+08
1816 	 9.521070e+08
1824 	 9.563013e+08
1832 	 1.536793e+09
1840 	 9.646899e+08
1848 	 8.612304e+08
1856 	 8.649587e+08
1864 	 9.772728e+08
1872 	 8.724152e+08
1880 	 8.761435e+08
1888 	 9.898557e+08
1896 	 9.940500e+08
1904 	 8.873283e+08
1912 	 2.004877e+09
1920 	 1.006633e+09
1928 	 8.985131e+08
1936 	 1.015022e+09
1944 	 1.019216e+09
1952 	 9.096979e+08
1960 	 1.027604e+09
1968 	 1.031799e+09
1976 	 9.208827e+08
1984 	 2.080375e+09
1992 	 1.044382e+09
2000 	 9.320676e+08
2008 	 1.052770e+09
2016 	 1.056965e+09
2024 	 2.122318e+09
2032 	 9.469806e+08
2040 	 1.069548e+09
2048 	 1.073742e+09
2056 	 9.581654e+08
2064 	 9.618937e+08
2072 	 1.086325e+09
2080 	 1.090519e+09
2088 	 1.751541e+09
2096 	 1.098908e+09
2104 	 1.103102e+09
2112 	 2.214593e+09
2120 	 5.230544e+08
2128 	 9.917199e+08
2136 	 9.954481e+08
2144 	 7.493823e+08
2152 	 1.128268e+09
2160 	 1.132462e+09
2168 	 1.010361e+09
2176 	 1.140851e+09
2184 	 1.145045e+09
2192 	 1.149239e+09
2200 	 1.025274e+09
2208 	 1.029003e+09
2216 	 2.323644e+09
2224 	 7.175486e+08
2232 	 7.201297e+08
2240 	 1.043916e+09
2248 	 2.357199e+09
2256 	 1.182794e+09
2264 	 1.055100e+09
2272 	 1.058829e+09
2280 	 1.195377e+09
2288 	 1.199571e+09
2296 	 1.070014e+09
2304 	 1.073742e+09
2312 	 1.212154e+09
2320 	 1.216348e+09
2328 	 1.220542e+09
2336 	 1.088655e+09
2344 	 1.092383e+09
2352 	 1.233125e+09
2360 	 1.237320e+09
2368 	 1.103568e+09
2376 	 4.745555e+08
2384 	 1.249903e+09
2392 	 1.114753e+09
2400 	 1.118481e+09
2408 	 1.122209e+09
2416 	 1.266680e+09
2424 	 1.270874e+09
2432 	 1.133394e+09
2440 	 7.872386e+08
2448 	 1.140851e+09
2456 	 1.287651e+09
2464 	 1.291846e+09
2472 	 1.296040e+09
2480 	 1.155764e+09
2488 	 1.304429e+09
2496 	 1.308623e+09
2504 	 1.312817e+09
2512 	 1.317011e+09
2520 	 1.174405e+09
2528 	 1.178133e+09
2536 	 8.182119e+08
2544 	 1.185590e+09
2552 	 1.337983e+09
2560 	 1.342177e+09
2568 	 1.196775e+09
2576 	 1.200503e+09
2584 	 8.336986e+08
2592 	 1.358954e+09
2600 	 1.363149e+09
2608 	 1.367343e+09
2616 	 1.219144e+09
2624 	 1.375732e+09
2632 	 9.199507e+08
2640 	 1.384120e+09
2648 	 1.388315e+09
2656 	 8.569286e+08
2664 	 1.241514e+09
2672 	 1.245242e+09
2680 	 1.405092e+09
2688 	 1.409286e+09
2696 	 1.413480e+09
2704 	 1.260155e+09
2712 	 8.749963e+08
2720 	 1.267612e+09
2728 	 8.801586e+08
2736 	 1.434452e+09
2744 	 9.590975e+08
2752 	 1.442841e+09
2760 	 1.447035e+09
2768 	 8.930641e+08
2776 	 1.293710e+09
2784 	 8.982263e+08
2792 	 1.301166e+09
2800 	 9.033886e+08
2808 	 1.472201e+09
2816 	 9.842633e+08
2824 	 1.480589e+09
2832 	 9.137130e+08
2840 	 1.323536e+09
2848 	 9.188752e+08
2856 	 1.330992e+09
2864 	 9.240374e+08
2872 	 1.505755e+09
2880 	 2.415919e+08
2888 	 1.345906e+09
2896 	 1.349634e+09
2904 	 9.369430e+08
2912 	 7.184596e+08
2920 	 1.530921e+09
2928 	 1.364547e+09
2936 	 1.368275e+09
2944 	 9.498485e+08
2952 	 1.375732e+09
2960 	 1.379460e+09
2968 	 9.575919e+08
2976 	 1.560281e+09
2984 	 1.564475e+09
2992 	 1.568670e+09
3000 	 1.572864e+09
3008 	 1.051372e+09
3016 	 1.581253e+09
3024 	 1.585447e+09
3032 	 9.782407e+08
3040 	 9.808219e+08
3048 	 1.420471e+09
3056 	 9.859841e+08
3064 	 9.885652e+08
3072 	 9.911463e+08
3080 	 1.614807e+09
3088 	 1.619001e+09
3096 	 1.623196e+09
3104 	 1.084927e+09
3112 	 1.631584e+09
3120 	 1.635779e+09
3128 	 1.639973e+09
3136 	 1.011795e+09
3144 	 1.648361e+09
3152 	 1.652556e+09
3160 	 1.656750e+09
3168 	 7.816209e+08
3176 	 1.480123e+09
3184 	 1.483852e+09
3192 	 1.487580e+09
3200 	 1.677722e+09
3208 	 1.121277e+09
3216 	 1.124073e+09
3224 	 1.690305e+09
3232 	 1.694499e+09
3240 	 1.698693e+09
3248 	 1.135258e+09
3256 	 1.138054e+09
3264 	 1.053093e+09
3272 	 1.055674e+09
3280 	 1.528591e+09
3288 	 1.532319e+09
3296 	 1.536047e+09
3304 	 1.539776e+09
3312 	 1.543504e+09
3320 	 1.071161e+09
3328 	 1.550960e+09
3336 	 1.076323e+09
3344 	 1.168813e+09
3352 	 1.171609e+09
3360 	 1.761608e+09
3368 	 1.765802e+09
3376 	 1.089228e+09
3384 	 1.091810e+09
3392 	 1.094391e+09
3400 	 1.782579e+09
3408 	 1.786774e+09
3416 	 1.790968e+09
3424 	 1.795162e+09
3432 	 1.799356e+09
3440 	 1.803551e+09
3448 	 1.807745e+09
3456 	 1.207960e+09
3464 	 1.210756e+09
3472 	 1.213552e+09
3480 	 1.216348e+09
3488 	 1.219144e+09
3496 	 1.221941e+09
3504 	 1.224737e+09
3512 	 1.227533e+09
3520 	 1.640439e+09
3528 	 7.046431e+08
3536 	 1.853882e+09
3544 	 1.858077e+09
3552 	 1.146013e+09
3560 	 1.244310e+09
3568 	 1.247106e+09
3576 	 1.874854e+09
3584 	 1.879048e+09
3592 	 7.174257e+08
3600 	 1.161500e+09
3608 	 1.891631e+09
3616 	 1.685178e+09
3624 	 1.688906e+09
3632 	 1.171824e+09
3640 	 1.174405e+09
3648 	 1.912603e+09
3656 	 1.916797e+09
3664 	 1.280661e+09
3672 	 1.184730e+09
3680 	 1.187311e+09
3688 	 1.189892e+09
3696 	 1.291846e+09
3704 	 1.294642e+09
3712 	 1.946157e+09
3720 	 1.950351e+09
3728 	 1.303030e+09
3736 	 1.305827e+09
3744 	 1.962934e+09
3752 	 1.967129e+09
3760 	 1.971323e+09
3768 	 1.317011e+09
3776 	 1.319808e+09
3784 	 1.322604e+09
3792 	 1.988100e+09
3800 	 1.992294e+09
3808 	 1.330992e+09
3816 	 2.000683e+09
3824 	 1.233771e+09
3832 	 2.009072e+09
3840 	 1.238933e+09
3848 	 1.793298e+09
3856 	 1.244095e+09
3864 	 1.800755e+09
3872 	 1.249257e+09
3880 	 1.251838e+09
3888 	 1.254420e+09
3896 	 1.361751e+09
3904 	 1.364547e+09
3912 	 2.051015e+09
3920 	 2.055209e+09
3928 	 1.372936e+09
3936 	 2.063598e+09
3944 	 1.378528e+09
3952 	 1.381324e+09
3960 	 2.076180e+09
3968 	 1.280231e+09
3976 	 1.852950e+09
3984 	 2.088763e+09
3992 	 1.287974e+09
4000 	 1.290555e+09
4008 	 1.293136e+09
4016 	 1.871592e+09
4024 	 1.298298e+09
4032 	 2.381892e+08
4040 	 5.843099e+08
4048 	 6.530209e+08
4056 	 6.804839e+08
4064 	 6.818261e+08
4072 	 8.132955e+08
4080 	 8.148933e+08
4088 	 8.164912e+08
4096 	 8.180890e+08
4104 	 6.885369e+08
4112 	 8.212847e+08
4120 	 8.228825e+08
4128 	 6.925635e+08
4136 	 8.260782e+08
4144 	 6.952478e+08
4152 	 6.965900e+08
4160 	 6.979322e+08
4168 	 6.723792e+08
4176 	 7.006165e+08
4184 	 8.356651e+08
4192 	 8.372630e+08
4200 	 7.046431e+08
4208 	 6.086080e+08
4216 	 7.073274e+08
4224 	 7.086696e+08
4232 	 8.452521e+08
4240 	 8.468500e+08
4248 	 8.484478e+08
4256 	 8.500456e+08
4264 	 8.516434e+08
4272 	 7.167227e+08
4280 	 6.190214e+08
4288 	 7.194070e+08
4296 	 7.207492e+08
4304 	 6.943186e+08
4312 	 7.234336e+08
4320 	 8.628283e+08
4328 	 8.644261e+08
4336 	 8.660239e+08
4344 	 8.676217e+08
4352 	 8.692196e+08
4360 	 8.708174e+08
4368 	 7.328288e+08
4376 	 7.341710e+08
4384 	 7.355131e+08
4392 	 8.772087e+08
4400 	 8.788066e+08
4408 	 8.804044e+08
4416 	 8.820022e+08
4424 	 7.422240e+08
4432 	 7.435662e+08
4440 	 7.449084e+08
4448 	 7.462506e+08
4456 	 8.899914e+08
4464 	 7.489349e+08
4472 	 7.502771e+08
4480 	 8.947849e+08
4488 	 8.963827e+08
4496 	 8.979805e+08
4504 	 8.995783e+08
4512 	 9.011762e+08
4520 	 9.027740e+08
4528 	 7.304542e+08
4536 	 9.059697e+08
4544 	 3.737043e+08
4552 	 9.091653e+08
4560 	 7.650410e+08
4568 	 2.394948e+08
4576 	 7.677254e+08
4584 	 7.690676e+08
4592 	 9.171545e+08
4600 	 7.717519e+08
4608 	 6.664604e+08
4616 	 7.744363e+08
4624 	 9.235458e+08
4632 	 7.771206e+08
4640 	 9.267415e+08
4648 	 7.798050e+08
4656 	 7.811472e+08
4664 	 9.315349e+08
4672 	 9.331328e+08
4680 	 7.549747e+08
4688 	 7.865159e+08
4696 	 7.878581e+08
4704 	 7.892002e+08
4712 	 7.905424e+08
4720 	 7.918846e+08
4728 	 7.932268e+08
4736 	 7.945689e+08
4744 	 7.959111e+08
4752 	 7.972533e+08
4760 	 9.507089e+08
4768 	 7.691708e+08
4776 	 8.012798e+08
4784 	 9.555024e+08
4792 	 8.039642e+08
4800 	 7.743330e+08
4808 	 8.066485e+08
4816 	 6.733256e+08
4824 	 8.093329e+08
4832 	 8.106751e+08
4840 	 8.120173e+08
4848 	 7.820764e+08
4856 	 8.147016e+08
4864 	 9.714807e+08
4872 	 8.173860e+08
4880 	 6.822735e+08
4888 	 9.762742e+08
4896 	 7.898197e+08
4904 	 8.227547e+08
4912 	 7.924008e+08
4920 	 8.254390e+08
4928 	 6.889843e+08
4936 	 8.281234e+08
4944 	 8.294656e+08
4952 	 9.890568e+08
4960 	 8.321499e+08
4968 	 8.334921e+08
4976 662951e+08
3344 	 5.610301e+08
3352 	 6.694908e+08
3360 	 5.637145e+08
3368 	 6.726865e+08
3376 	 6.742843e+08
3384 	 6.758821e+08
3392 	 6.774800e+08
3400 	 6.790778e+08
3408 	 5.717675e+08
3416 	 6.822735e+08
3424 	 2.659499e+08
3432 	 4.798284e+08
3440 	 6.870669e+08
3448 	 8.507035e+08
3456 	 9.059697e+08
3464 	 6.918604e+08
3472 	 6.934583e+08
3480 	 6.950561e+08
3488 	 8.605725e+08
3496 	 6.982518e+08
3504 	 6.998496e+08
3512 	 7.014474e+08
3520 	 7.030452e+08
3528 	 7.046431e+08
3536 	 8.724152e+08
3544 	 7.078387e+08
3552 	 7.094366e+08
3560 	 7.110344e+08
3568 	 7.126322e+08
3576 	 7.142301e+08
3584 	 8.842580e+08
3592 	 7.174257e+08
3600 	 7.190235e+08
3608 	 8.901793e+08
3616 	 7.222192e+08
3624 	 7.238170e+08
3632 	 7.254149e+08
3640 	 8.980745e+08
3648 	 7.286105e+08
3656 	 7.302084e+08
3664 	 7.318062e+08
3672 	 7.334040e+08
3680 	 7.350018e+08
3688 	 9.099172e+08
3696 	 7.381975e+08
3704 	 7.397953e+08
3712 	 7.413932e+08
3720 	 4.728125e+08
3728 	 7.445888e+08
3736 	 7.461867e+08
3744 	 6.281390e+08
3752 	 7.493823e+08
3760 	 7.509801e+08
3768 	 7.902069e+08
3776 	 7.541758e+08
3784 	 7.557736e+08
3792 	 6.361920e+08
3800 	 7.589693e+08
3808 	 6.388764e+08
3816 	 7.621650e+08
3824 	 9.434717e+08
3832 	 7.653606e+08
3840 	 6.442451e+08
3848 	 5.379894e+08
3856 	 7.701541e+08
3864 	 9.533406e+08
3872 	 7.733498e+08
3880 	 7.749476e+08
3888 	 7.765454e+08
3896 	 7.781433e+08
3904 	 7.797411e+08
3912 	 7.813389e+08
3920 	 7.829367e+08
3928 	 7.845346e+08
3936 	 7.861324e+08
3944 	 7.877302e+08
3952 	 7.893281e+08
3960 	 7.909259e+08
3968 	 7.925237e+08
3976 	 7.941216e+08
3984 	 7.957194e+08
3992 	 7.973172e+08
4000 	 7.989150e+08
4008 	 8.005129e+08
4016 	 8.021107e+08
4024 	 8.037085e+08
4032 	 1.900161e+08
4040 	 8.069042e+08
4048 	 8.085020e+08
4056 	 8.100999e+08
4064 	 8.116977e+08
4072 	 1.004659e+09
4080 	 8.148933e+08
4088 	 8.164912e+08
4096 	 8.180890e+08
4104 	 8.196868e+08
4112 	 5.748993e+08
4120 	 8.228825e+08
4128 	 8.244803e+08
4136 	 8.260782e+08
4144 	 6.952478e+08
4152 	 8.292738e+08
4160 	 6.016657e+08
4168 	 8.324695e+08
4176 	 8.340673e+08
4184 	 8.356651e+08
4192 	 8.372630e+08
4200 	 8.388608e+08
4208 	 8.404586e+08
4216 	 8.420565e+08
4224 	 8.436543e+08
4232 	 7.100118e+08
4240 	 8.468500e+08
4248 	 7.126961e+08
4256 	 8.500456e+08
4264 	 8.516434e+08
4272 	 7.167227e+08
4280 	 8.548391e+08
4288 	 8.564369e+08
4296 	 7.207492e+08
4304 	 8.596326e+08
4312 	 7.234336e+08
4320 	 8.628283e+08
4328 	 7.261179e+08
4336 	 8.660239e+08
4344 	 8.676217e+08
4352 	 8.692196e+08
4360 	 7.314866e+08
4368 	 8.724152e+08
4376 	 7.341710e+08
4384 	 8.756109e+08
4392 	 8.772087e+08
4400 	 8.788066e+08
4408 	 7.395397e+08
4416 	 8.820022e+08
4424 	 7.422240e+08
4432 	 8.851979e+08
4440 	 7.449084e+08
4448 	 7.462506e+08
4456 	 8.899914e+08
4464 	 7.489349e+08
4472 	 8.931870e+08
4480 	 7.516193e+08
4488 	 9.412018e+08
4496 	 7.543036e+08
4504 	 8.995783e+08
4512 	 7.569880e+08
4520 	 9.027740e+08
4528 	 9.043718e+08
4536 	 7.610145e+08
4544 	 9.075675e+08
4552 	 7.636989e+08
4560 	 9.107632e+08
4568 	 7.369069e+08
4576 	 7.677254e+08
4584 	 9.155566e+08
4592 	 7.704098e+08
4600 	 7.420692e+08
4608 	 1.992511e+08
4616 	 6.676175e+08
4624 	 5.877110e+08
4632 	 7.771206e+08
4640 	 9.267415e+08
4648 	 9.283393e+08
4656 	 9.299371e+08
4664 	 7.824894e+08
4672 	 9.331328e+08
4680 	 7.851737e+08
4688 	 9.363284e+08
4696 	 9.379263e+08
4704 	 7.892002e+08
4712 	 9.411219e+08
4720 	 7.918846e+08
4728 	 9.443176e+08
4736 	 9.459154e+08
4744 	 7.652992e+08
4752 	 7.972533e+08
4760 	 9.982444e+08
4768 	 7.999377e+08
4776 	 8.012798e+08
4784 	 9.555024e+08
4792 	 8.039642e+08
4800 	 9.586981e+08
4808 	 9.602959e+08
4816 	 8.079907e+08
4824 	 8.093329e+08
4832 	 8.106751e+08
4840 	 6.151646e+08
4848 	 8.133594e+08
4856 	 8.147016e+08
4864 	 8.160438e+08
4872 	 8.173860e+08
4880 	 9.746764e+08
4888 	 9.762742e+08
4896 	 8.214125e+08
4904 	 8.227547e+08
4912 	 8.240968e+08
4920 	 7.936914e+08
4928 	 8.267812e+08
4936 	 8.281234e+08
4944 	 8.294656e+08
4952 	 6.293998e+08
4960 	 8.321499e+08
4968 	 8.334921e+08
4976 554689e+09
3344 	 1.558417e+09
3352 	 1.081485e+09
3360 	 1.761608e+09
3368 	 1.765802e+09
3376 	 1.769996e+09
3384 	 1.182794e+09
3392 	 1.185590e+09
3400 	 1.188386e+09
3408 	 1.786774e+09
3416 	 1.193979e+09
3424 	 6.838713e+08
3432 	 8.467560e+08
3440 	 1.202367e+09
3448 	 1.807745e+09
3456 	 1.811939e+09
3464 	 1.210756e+09
3472 	 1.213552e+09
3480 	 1.216348e+09
3488 	 1.828717e+09
3496 	 1.127945e+09
3504 	 1.130526e+09
3512 	 1.133107e+09
3520 	 1.135688e+09
3528 	 1.138270e+09
3536 	 1.647895e+09
3544 	 1.143432e+09
3552 	 1.146013e+09
3560 	 1.148594e+09
3568 	 1.151175e+09
3576 	 1.153756e+09
3584 	 1.670265e+09
3592 	 1.158918e+09
3600 	 1.161500e+09
3608 	 1.681450e+09
3616 	 1.166662e+09
3624 	 1.169243e+09
3632 	 1.171824e+09
3640 	 1.696363e+09
3648 	 1.176986e+09
3656 	 1.179567e+09
3664 	 1.182148e+09
3672 	 1.184730e+09
3680 	 1.187311e+09
3688 	 1.933574e+09
3696 	 1.291846e+09
3704 	 1.941963e+09
3712 	 1.297438e+09
3720 	 6.241124e+08
3728 	 1.202797e+09
3736 	 1.205378e+09
3744 	 1.308623e+09
3752 	 1.311419e+09
3760 	 1.971323e+09
3768 	 1.317011e+09
3776 	 1.979711e+09
3784 	 1.983906e+09
3792 	 1.988100e+09
3800 	 1.226027e+09
3808 	 1.228608e+09
3816 	 1.231190e+09
3824 	 1.782113e+09
3832 	 1.236352e+09
3840 	 1.789570e+09
3848 	 2.017460e+09
3856 	 1.244095e+09
3864 	 1.800755e+09
3872 	 1.249257e+09
3880 	 1.808211e+09
3888 	 1.811939e+09
3896 	 1.257001e+09
3904 	 1.819396e+09
3912 	 1.262163e+09
3920 	 1.370139e+09
3928 	 1.267325e+09
3936 	 1.375732e+09
3944 	 2.067792e+09
3952 	 1.381324e+09
3960 	 1.277650e+09
3968 	 1.386917e+09
3976 	 1.282812e+09
3984 	 1.285393e+09
3992 	 1.287974e+09
4000 	 1.864135e+09
4008 	 1.293136e+09
4016 	 1.403694e+09
4024 	 1.298298e+09
4032 	 1.838199e+08
4040 	 5.843099e+08
4048 	 5.659514e+08
4056 	 6.804839e+08
4064 	 8.116977e+08
4072 	 6.831682e+08
4080 	 8.148933e+08
4088 	 8.164912e+08
4096 	 8.180890e+08
4104 	 8.196868e+08
4112 	 5.748993e+08
4120 	 6.912213e+08
4128 	 6.925635e+08
4136 	 6.939057e+08
4144 	 6.952478e+08
4152 	 6.697981e+08
4160 	 6.016657e+08
4168 	 8.324695e+08
4176 	 7.006165e+08
4184 	 6.749603e+08
4192 	 7.033009e+08
4200 	 7.046431e+08
4208 	 6.788320e+08
4216 	 8.420565e+08
4224 	 6.814131e+08
4232 	 7.100118e+08
4240 	 7.113540e+08
4248 	 7.126961e+08
4256 	 2.348810e+08
4264 	 7.153805e+08
4272 	 7.167227e+08
4280 	 7.180648e+08
4288 	 5.995059e+08
4296 	 7.207492e+08
4304 	 7.220914e+08
4312 	 7.234336e+08
4320 	 7.247757e+08
4328 	 7.261179e+08
4336 	 7.274601e+08
4344 	 8.676217e+08
4352 	 7.301444e+08
4360 	 7.314866e+08
4368 	 8.724152e+08
4376 	 7.341710e+08
4384 	 7.072242e+08
4392 	 8.772087e+08
4400 	 7.098053e+08
4408 	 7.395397e+08
4416 	 8.820022e+08
4424 	 7.422240e+08
4432 	 7.435662e+08
4440 	 7.449084e+08
4448 	 7.462506e+08
4456 	 8.899914e+08
4464 	 7.489349e+08
4472 	 7.214203e+08
4480 	 7.516193e+08
4488 	 7.529615e+08
4496 	 5.714421e+08
4504 	 6.297048e+08
4512 	 7.569880e+08
4520 	 7.583302e+08
4528 	 7.596723e+08
4536 	 7.610145e+08
4544 	 9.075675e+08
4552 	 7.636989e+08
4560 	 9.107632e+08
4568 	 7.369069e+08
4576 	 7.677254e+08
4584 	 7.690676e+08
4592 	 7.704098e+08
4600 	 7.420692e+08
4608 	 1.992511e+08
4616 	 6.676175e+08
4624 	 7.757785e+08
4632 	 7.771206e+08
4640 	 7.485219e+08
4648 	 7.798050e+08
4656 	 9.299371e+08
4664 	 7.824894e+08
4672 	 9.331328e+08
4680 	 7.851737e+08
4688 	 7.865159e+08
4696 	 7.575558e+08
4704 	 7.892002e+08
4712 	 9.411219e+08
4720 	 7.918846e+08
4728 	 7.627181e+08
4736 	 9.459154e+08
4744 	 7.652992e+08
4752 	 7.972533e+08
4760 	 7.985955e+08
4768 	 6.896014e+08
4776 	 8.012798e+08
4784 	 8.026220e+08
4792 	 8.039642e+08
4800 	 8.053064e+08
4808 	 6.722071e+08
4816 	 8.079907e+08
4824 	 8.093329e+08
4832 	 8.106751e+08
4840 	 6.151646e+08
4848 	 8.133594e+08
4856 	 8.147016e+08
4864 	 8.160438e+08
4872 	 8.173860e+08
4880 	 8.187281e+08
4888 	 9.762742e+08
4896 	 8.214125e+08
4904 	 8.227547e+08
4912 	 8.240968e+08
4920 	 7.936914e+08
4928 	 8.267812e+08
4936 	 8.281234e+08
4944 	 8.294656e+08
4952 	 6.293998e+08
4960 	 8.321499e+08
4968 	 8.334921e+08
4976 662951e+08
3344 	 6.678930e+08
3352 	 6.694908e+08
3360 	 6.710886e+08
3368 	 5.650566e+08
3376 	 6.742843e+08
3384 	 6.758821e+08
3392 	 6.774800e+08
3400 	 6.790778e+08
3408 	 8.408346e+08
3416 	 8.428084e+08
3424 	 8.447822e+08
3432 	 8.467560e+08
3440 	 6.870669e+08
3448 	 6.886648e+08
3456 	 7.247757e+08
3464 	 6.918604e+08
3472 	 6.934583e+08
3480 	 6.950561e+08
3488 	 6.966539e+08
3496 	 6.982518e+08
3504 	 6.998496e+08
3512 	 8.664939e+08
3520 	 8.684677e+08
3528 	 4.932502e+08
3536 	 7.062409e+08
3544 	 5.945845e+08
3552 	 7.094366e+08
3560 	 7.110344e+08
3568 	 7.126322e+08
3576 	 7.142301e+08
3584 	 8.842580e+08
3592 	 5.195152e+08
3600 	 7.190235e+08
3608 	 7.206214e+08
3616 	 7.222192e+08
3624 	 7.238170e+08
3632 	 7.254149e+08
3640 	 7.270127e+08
3648 	 9.000483e+08
3656 	 9.020221e+08
3664 	 7.318062e+08
3672 	 7.334040e+08
3680 	 7.350018e+08
3688 	 7.365997e+08
3696 	 7.381975e+08
3704 	 7.397953e+08
3712 	 7.413932e+08
3720 	 7.429910e+08
3728 	 7.445888e+08
3736 	 7.461867e+08
3744 	 7.477845e+08
3752 	 7.493823e+08
3760 	 9.856614e+08
3768 	 7.525780e+08
3776 	 7.918846e+08
3784 	 7.557736e+08
3792 	 7.573715e+08
3800 	 7.589693e+08
3808 	 7.605671e+08
3816 	 9.414979e+08
3824 	 7.637628e+08
3832 	 7.653606e+08
3840 	 7.669584e+08
3848 	 6.455873e+08
3856 	 7.701541e+08
3864 	 7.717519e+08
3872 	 7.733498e+08
3880 	 7.749476e+08
3888 	 7.765454e+08
3896 	 7.781433e+08
3904 	 7.797411e+08
3912 	 1.025507e+09
3920 	 7.829367e+08
3928 	 8.237613e+08
3936 	 1.031799e+09
3944 	 7.877302e+08
3952 	 7.893281e+08
3960 	 9.770261e+08
3968 	 7.925237e+08
3976 	 9.809737e+08
3984 	 9.829475e+08
3992 	 7.973172e+08
4000 	 9.868951e+08
4008 	 8.005129e+08
4016 	 8.021107e+08
4024 	 8.037085e+08
4032 	 2.225189e+08
4040 	 8.069042e+08
4048 	 8.085020e+08
4056 	 8.100999e+08
4064 	 8.116977e+08
4072 	 8.132955e+08
4080 	 8.148933e+08
4088 	 8.164912e+08
4096 	 8.180890e+08
4104 	 8.196868e+08
4112 	 8.212847e+08
4120 	 8.228825e+08
4128 	 8.244803e+08
4136 	 8.260782e+08
4144 	 8.276760e+08
4152 	 1.024397e+09
4160 	 1.026371e+09
4168 	 6.723792e+08
4176 	 8.340673e+08
4184 	 8.356651e+08
4192 	 8.372630e+08
4200 	 1.036240e+09
4208 	 6.086080e+08
4216 	 8.420565e+08
4224 	 1.042161e+09
4232 	 8.452521e+08
4240 	 8.468500e+08
4248 	 8.484478e+08
4256 	 8.500456e+08
4264 	 8.516434e+08
4272 	 1.054004e+09
4280 	 7.180648e+08
4288 	 8.564369e+08
4296 	 8.580348e+08
4304 	 8.596326e+08
4312 	 8.612304e+08
4320 	 8.628283e+08
4328 	 8.644261e+08
4336 	 8.660239e+08
4344 	 8.676217e+08
4352 	 8.692196e+08
4360 	 8.708174e+08
4368 	 8.724152e+08
4376 	 7.341710e+08
4384 	 8.756109e+08
4392 	 8.772087e+08
4400 	 8.788066e+08
4408 	 1.087558e+09
4416 	 1.157628e+09
4424 	 8.836000e+08
4432 	 8.851979e+08
4440 	 8.867957e+08
4448 	 8.883935e+08
4456 	 8.899914e+08
4464 	 8.915892e+08
4472 	 7.502771e+08
4480 	 8.947849e+08
4488 	 8.963827e+08
4496 	 8.979805e+08
4504 	 8.995783e+08
4512 	 9.011762e+08
4520 	 9.027740e+08
4528 	 4.997844e+08
4536 	 9.059697e+08
4544 	 4.055089e+08
4552 	 7.636989e+08
4560 	 6.375342e+08
4568 	 2.520997e+08
4576 	 7.677254e+08
4584 	 7.690676e+08
4592 	 9.171545e+08
4600 	 9.187523e+08
4608 	 9.203501e+08
4616 	 7.744363e+08
4624 	 9.235458e+08
4632 	 7.771206e+08
4640 	 9.267415e+08
4648 	 7.798050e+08
4656 	 7.811472e+08
4664 	 9.315349e+08
4672 	 9.331328e+08
4680 	 7.549747e+08
4688 	 9.363284e+08
4696 	 9.379263e+08
4704 	 9.395241e+08
4712 	 9.411219e+08
4720 	 9.427198e+08
4728 	 7.932268e+08
4736 	 9.459154e+08
4744 	 9.475132e+08
4752 	 7.972533e+08
4760 	 9.507089e+08
4768 	 7.691708e+08
4776 	 8.012798e+08
4784 	 9.555024e+08
4792 	 8.039642e+08
4800 	 7.743330e+08
4808 	 9.602959e+08
4816 	 9.618937e+08
4824 	 9.634915e+08
4832 	 1.013344e+09
4840 	 8.120173e+08
4848 	 9.682850e+08
4856 	 8.147016e+08
4864 	 9.714807e+08
4872 	 9.730785e+08
4880 	 8.187281e+08
4888 	 9.762742e+08
4896 	 7.898197e+08
4904 	 8.227547e+08
4912 	 7.924008e+08
4920 	 9.826655e+08
4928 	 8.267812e+08
4936 	 9.858612e+08
4944 	 9.874590e+08
4952 	 9.890568e+08
4960 	 8.321499e+08
4968 	 8.334921e+08
4976 	 9.938503e+08
4984 	 9.954481e+08
4992 	 8.375186e+08
5000 	 8.388608e+08
5008 	 8.402030e+08
5016 	 8.415452e+08
5024 	 8.428873e+08
5032 	 8.117591e+08
5040 	 8.455717e+08
5048 	 8.143403e+08
5056 	 1.009829e+09
5064 	 8.169214e+08
5072 	 8.509404e+08
5080 	 8.195025e+08
5088 	 8.536248e+08
5096 	 8.549669e+08
5104 	 1.019416e+09
5112 	 1.021013e+09
5120 	 1.022611e+09
5128 	 8.603356e+08
5136 	 8.285364e+08
5144 	 1.027405e+09
5152 	 1.029003e+09
5160 	 8.657043e+08
5168 	 7.225388e+08
5176 	 8.683887e+08
5184 	 8.697309e+08
5192 	 8.710731e+08
5200 	 6.609206e+08
5208 	 1.040187e+09
5216 	 1.041785e+09
5224 	 1.043383e+09
5232 	 8.777839e+08
5240 	 1.046579e+09
5248 	 3.795122e+08
5256 	 8.818105e+08
5264 	 1.051372e+09
5272 	 1.052970e+09
5280 	 1.054568e+09
5288 	 6.523376e+08
5296 	 8.885214e+08
5304 	 1.059361e+09
5312 	 8.569286e+08
5320 	 8.925479e+08
5328 	 8.938901e+08
5336 	 8.952322e+08
5344 	 8.965744e+08
5352 	 8.979166e+08
5360 	 8.992588e+08
5368 	 8.659625e+08
5376 	 9.019431e+08
5384 	 8.685436e+08
5392 	 1.076937e+09
5400 	 1.078535e+09
5408 	 9.073118e+08
5416 	 1.081731e+09
5424 	 8.749963e+08
5432 	 1.084927e+09
5440 	 1.086524e+09
5448 	 9.140227e+08
5456 	 9.153649e+08
5464 	 8.814491e+08
5472 	 9.180493e+08
5480 	 1.094514e+09
5488 	 9.207336e+08
5496 	 9.220758e+08
5504 	 8.879019e+08
5512 	 9.247601e+08
5520 	 7.015927e+08
5528 	 7.026095e+08
5536 	 9.287867e+08
5544 	 8.943547e+08
5552 	 9.314710e+08
5560 	 9.328132e+08
5568 	 9.341554e+08
5576 	 4.331007e+08
5584 	 8.076205e+08
5592 	 9.381819e+08
5600 	 9.395241e+08
5608 	 9.408663e+08
5616 	 1.121677e+09
5624 	 1.123275e+09
5632 	 9.448928e+08
5640 	 9.462350e+08
5648 	 9.475772e+08
5656 	 9.489193e+08
5664 	 9.502615e+08
5672 	 1.132862e+09
5680 	 1.134459e+09
5688 	 9.542880e+08
5696 	 9.556302e+08
5704 	 9.569724e+08
5712 	 9.583146e+08
5720 	 9.227469e+08
5728 	 9.609989e+08
5736 	 9.623411e+08
5744 	 9.636833e+08
5752 	 1.148840e+09
5760 	 9.663676e+08
5768 	 9.677098e+08
5776 	 1.153633e+09
5784 	 9.330713e+08
5792 	 9.717364e+08
5800 	 1.158427e+09
5808 	 9.744207e+08
5816 	 9.757629e+08
5824 	 1.163220e+09
5832 	 9.784472e+08
5840 	 9.797894e+08
5848 	 9.433958e+08
5856 	 9.824738e+08
5864 	 9.838159e+08
5872 	 9.851581e+08
5880 	 9.865003e+08
5888 	 9.878425e+08
5896 	 9.891847e+08
5904 	 1.179199e+09
5912 	 9.537202e+08
5920 	 9.932112e+08
5928 	 9.945534e+08
5936 	 9.958955e+08
5944 	 9.972377e+08
5952 	 8.608447e+08
5960 	 9.999221e+08
5968 	 1.001264e+09
5976 	 7.372106e+08
5984 	 8.366238e+08
5992 	 1.005291e+09
6000 	 1.006633e+09
6008 	 1.007975e+09
6016 	 8.410978e+08
6024 	 8.712582e+08
6032 	 8.724152e+08
6040 	 9.743691e+08
6048 	 8.455717e+08
6056 	 1.016028e+09
6064 	 1.017370e+09
6072 	 1.212753e+09
6080 	 1.020055e+09
6088 	 1.021397e+09
6096 	 7.520140e+08
6104 	 1.024081e+09
6112 	 9.859841e+08
6120 	 1.026766e+09
6128 	 8.862998e+08
6136 	 7.569485e+08
6144 	 1.030792e+09
6152 	 1.032134e+09
6160 	 1.033477e+09
6168 	 3.861264e+08
6176 	 8.932421e+08
6184 	 1.037503e+09
6192 	 1.038845e+09
6200 	 1.000180e+09
6208 	 6.852168e+08
6216 	 1.002761e+09
6224 	 1.044214e+09
6232 	 1.045556e+09
6240 	 1.046898e+09
6248 	 1.048240e+09
6256 	 1.049583e+09
6264 	 9.059697e+08
6272 	 1.052267e+09
6280 	 1.013086e+09
6288 	 1.054951e+09
6296 	 1.056294e+09
6304 	 1.057636e+09
6312 	 1.018248e+09
6320 	 1.060320e+09
6328 	 1.061662e+09
6336 	 1.063004e+09
6344 	 1.023410e+09
6352 	 1.065689e+09
6360 	 9.198543e+08
6368 	 8.903109e+08
6376 	 1.028572e+09
6384 	 1.071057e+09
6392 	 1.072400e+09
6400 	 1.073742e+09
6408 	 1.033735e+09
6416 	 1.076426e+09
6424 	 1.077768e+09
6432 	 1.079111e+09
6440 	 1.038897e+09
6448 	 1.081795e+09
6456 	 1.083137e+09
6464 	 4.046564e+08
6472 	 1.085821e+09
6480 	 9.059697e+08
6488 	 1.046640e+09
6496 	 1.089848e+09
6504 	 1.091190e+09
6512 	 1.092532e+09
6520 	 1.051802e+09
6528 	 9.126806e+08
6536 	 1.096559e+09
6544 	 1.097901e+09
6552 	 1.099243e+09
6560 	 1.058255e+09
6568 	 1.101928e+09
6576 	 1.103270e+09
6584 	 9.522516e+08
6592 	 1.105954e+09
6600 	 1.107296e+09
6608 	 1.108638e+09
6	 8.348343e+08
4984 	 8.361764e+08
4992 	 9.970460e+08
5000 	 8.388608e+08
5008 	 7.243129e+08
5016 	 8.091780e+08
5024 	 8.428873e+08
5032 	 8.442295e+08
5040 	 8.455717e+08
5048 	 8.469139e+08
5056 	 8.482560e+08
5064 	 8.495982e+08
5072 	 8.182119e+08
5080 	 8.522826e+08
5088 	 8.207930e+08
5096 	 8.549669e+08
5104 	 8.563091e+08
5112 	 8.576513e+08
5120 	 8.589935e+08
5128 	 8.603356e+08
5136 	 8.616778e+08
5144 	 8.298269e+08
5152 	 8.643622e+08
5160 	 8.324080e+08
5168 	 8.670465e+08
5176 	 8.683887e+08
5184 	 8.697309e+08
5192 	 8.710731e+08
5200 	 8.724152e+08
5208 	 8.737574e+08
5216 	 8.414419e+08
5224 	 4.057601e+08
5232 	 7.567103e+08
5240 	 8.791261e+08
5248 	 5.792555e+08
5256 	 8.478947e+08
5264 	 8.831527e+08
5272 	 8.844948e+08
5280 	 8.858370e+08
5288 	 1.056166e+09
5296 	 8.885214e+08
5304 	 8.898635e+08
5312 	 8.912057e+08
5320 	 8.925479e+08
5328 	 8.938901e+08
5336 	 8.608002e+08
5344 	 7.729090e+08
5352 	 8.979166e+08
5360 	 8.646719e+08
5368 	 9.006010e+08
5376 	 9.019431e+08
5384 	 9.032853e+08
5392 	 7.798513e+08
5400 	 8.711247e+08
5408 	 7.821654e+08
5416 	 9.086540e+08
5424 	 7.583302e+08
5432 	 9.113384e+08
5440 	 9.126806e+08
5448 	 7.616856e+08
5456 	 9.153649e+08
5464 	 9.167071e+08
5472 	 7.650410e+08
5480 	 9.193914e+08
5488 	 7.672780e+08
5496 	 9.220758e+08
5504 	 9.234180e+08
5512 	 7.706335e+08
5520 	 9.261023e+08
5528 	 7.995211e+08
5536 	 8.930641e+08
5544 	 3.470630e+08
5552 	 7.056599e+08
5560 	 8.041493e+08
5568 	 8.053064e+08
5576 	 9.354976e+08
5584 	 9.368397e+08
5592 	 9.381819e+08
5600 	 9.395241e+08
5608 	 9.408663e+08
5616 	 7.851737e+08
5624 	 9.435506e+08
5632 	 8.145628e+08
5640 	 9.098413e+08
5648 	 9.475772e+08
5656 	 9.489193e+08
5664 	 7.918846e+08
5672 	 9.516037e+08
5680 	 9.529459e+08
5688 	 9.175847e+08
5696 	 9.556302e+08
5704 	 7.974770e+08
5712 	 9.583146e+08
5720 	 9.596568e+08
5728 	 8.284474e+08
5736 	 9.623411e+08
5744 	 9.636833e+08
5752 	 9.650255e+08
5760 	 9.663676e+08
5768 	 8.342326e+08
5776 	 9.317808e+08
5784 	 8.365467e+08
5792 	 9.717364e+08
5800 	 9.730785e+08
5808 	 9.744207e+08
5816 	 9.757629e+08
5824 	 9.771051e+08
5832 	 9.784472e+08
5840 	 8.164912e+08
5848 	 9.811316e+08
5856 	 9.824738e+08
5864 	 9.838159e+08
5872 	 8.492742e+08
5880 	 9.865003e+08
5888 	 8.232021e+08
5896 	 8.527454e+08
5904 	 8.539024e+08
5912 	 6.701818e+08
5920 	 8.562165e+08
5928 	 6.719955e+08
5936 	 8.585306e+08
5944 	 8.310314e+08
5952 	 8.321499e+08
5960 	 8.620018e+08
5968 	 8.631588e+08
5976 	 8.355054e+08
5984 	 8.366238e+08
5992 	 8.666300e+08
6000 	 1.006633e+09
6008 	 9.692069e+08
6016 	 8.701011e+08
6024 	 8.712582e+08
6032 	 8.433347e+08
6040 	 1.013344e+09
6048 	 8.747293e+08
6056 	 1.016028e+09
6064 	 9.782407e+08
6072 	 1.018713e+09
6080 	 1.020055e+09
6088 	 8.511641e+08
6096 	 9.834030e+08
6104 	 1.024081e+09
6112 	 1.025423e+09
6120 	 9.872746e+08
6128 	 8.862998e+08
6136 	 1.029450e+09
6144 	 9.911463e+08
6152 	 8.897710e+08
6160 	 8.909280e+08
6168 	 1.034819e+09
6176 	 1.036161e+09
6184 	 1.037503e+09
6192 	 1.038845e+09
6200 	 1.000180e+09
6208 	 8.978703e+08
6216 	 8.990274e+08
6224 	 8.701783e+08
6232 	 7.687913e+08
6240 	 1.046898e+09
6248 	 9.036556e+08
6256 	 9.048126e+08
6264 	 8.757707e+08
6272 	 1.052267e+09
6280 	 9.082838e+08
6288 	 7.992056e+08
6296 	 1.056294e+09
6304 	 1.016957e+09
6312 	 9.129120e+08
6320 	 9.140690e+08
6328 	 1.061662e+09
6336 	 1.063004e+09
6344 	 1.064347e+09
6352 	 1.065689e+09
6360 	 1.067031e+09
6368 	 9.210113e+08
6376 	 1.069715e+09
6384 	 1.071057e+09
6392 	 8.936664e+08
6400 	 1.073742e+09
6408 	 9.267966e+08
6416 	 9.279536e+08
6424 	 8.981403e+08
6432 	 9.302677e+08
6440 	 7.944505e+08
6448 	 9.014957e+08
6456 	 9.026142e+08
6464 	 9.348959e+08
6472 	 9.360529e+08
6480 	 9.059697e+08
6488 	 1.046640e+09
6496 	 1.089848e+09
6504 	 1.091190e+09
6512 	 1.092532e+09
6520 	 1.051802e+09
6528 	 9.126806e+08
6536 	 9.453093e+08
6544 	 1.097901e+09
6552 	 1.099243e+09
6560 	 1.058255e+09
6568 	 1.101928e+09
6576 	 1.103270e+09
6584 	 1.104612e+09
6592 	 8.132015e+08
6600 	 9.227469e+08
6608 	 9.238654e+08
6	 8.348343e+08
4984 	 9.954481e+08
4992 	 8.375186e+08
5000 	 8.388608e+08
5008 	 8.402030e+08
5016 	 8.415452e+08
5024 	 8.428873e+08
5032 	 8.117591e+08
5040 	 8.455717e+08
5048 	 8.143403e+08
5056 	 8.482560e+08
5064 	 8.169214e+08
5072 	 8.509404e+08
5080 	 8.195025e+08
5088 	 8.536248e+08
5096 	 8.549669e+08
5104 	 8.563091e+08
5112 	 7.393546e+08
5120 	 7.405116e+08
5128 	 8.603356e+08
5136 	 8.285364e+08
5144 	 8.630200e+08
5152 	 1.029003e+09
5160 	 8.657043e+08
5168 	 8.670465e+08
5176 	 8.683887e+08
5184 	 8.697309e+08
5192 	 8.710731e+08
5200 	 8.724152e+08
5208 	 8.737574e+08
5216 	 8.750996e+08
5224 	 8.764418e+08
5232 	 6.454294e+08
5240 	 8.791261e+08
5248 	 3.795122e+08
5256 	 7.601814e+08
5264 	 7.359605e+08
5272 	 8.844948e+08
5280 	 7.381975e+08
5288 	 6.523376e+08
5296 	 7.404345e+08
5304 	 8.898635e+08
5312 	 8.569286e+08
5320 	 8.925479e+08
5328 	 8.938901e+08
5336 	 8.952322e+08
5344 	 8.965744e+08
5352 	 8.979166e+08
5360 	 8.992588e+08
5368 	 8.659625e+08
5376 	 9.019431e+08
5384 	 8.685436e+08
5392 	 7.798513e+08
5400 	 9.059697e+08
5408 	 7.560932e+08
5416 	 1.081731e+09
5424 	 7.583302e+08
5432 	 9.113384e+08
5440 	 9.126806e+08
5448 	 9.140227e+08
5456 	 9.153649e+08
5464 	 8.814491e+08
5472 	 7.914218e+08
5480 	 9.193914e+08
5488 	 9.207336e+08
5496 	 9.220758e+08
5504 	 8.879019e+08
5512 	 9.247601e+08
5520 	 7.015927e+08
5528 	 6.266517e+08
5536 	 8.006782e+08
5544 	 8.943547e+08
5552 	 9.314710e+08
5560 	 9.328132e+08
5568 	 9.341554e+08
5576 	 4.331007e+08
5584 	 8.076205e+08
5592 	 8.087775e+08
5600 	 9.395241e+08
5608 	 9.408663e+08
5616 	 7.851737e+08
5624 	 9.435506e+08
5632 	 9.448928e+08
5640 	 9.462350e+08
5648 	 8.168769e+08
5656 	 9.489193e+08
5664 	 9.502615e+08
5672 	 9.516037e+08
5680 	 7.941216e+08
5688 	 9.542880e+08
5696 	 9.556302e+08
5704 	 9.569724e+08
5712 	 8.261333e+08
5720 	 9.227469e+08
5728 	 8.284474e+08
5736 	 9.623411e+08
5744 	 9.636833e+08
5752 	 8.319185e+08
5760 	 9.663676e+08
5768 	 9.677098e+08
5776 	 8.353897e+08
5784 	 9.330713e+08
5792 	 9.717364e+08
5800 	 9.730785e+08
5808 	 9.744207e+08
5816 	 9.757629e+08
5824 	 9.771051e+08
5832 	 9.784472e+08
5840 	 8.446460e+08
5848 	 9.433958e+08
5856 	 9.824738e+08
5864 	 9.838159e+08
5872 	 9.851581e+08
5880 	 9.865003e+08
5888 	 8.232021e+08
5896 	 9.891847e+08
5904 	 8.539024e+08
5912 	 9.537202e+08
5920 	 8.562165e+08
5928 	 9.945534e+08
5936 	 8.299130e+08
5944 	 9.972377e+08
5952 	 8.608447e+08
5960 	 9.999221e+08
5968 	 8.631588e+08
5976 	 5.967895e+08
5984 	 8.366238e+08
5992 	 1.005291e+09
6000 	 1.006633e+09
6008 	 8.399793e+08
6016 	 8.410978e+08
6024 	 8.712582e+08
6032 	 8.724152e+08
6040 	 8.444532e+08
6048 	 8.455717e+08
6056 	 1.016028e+09
6064 	 1.017370e+09
6072 	 8.489271e+08
6080 	 8.793575e+08
6088 	 8.805146e+08
6096 	 7.520140e+08
6104 	 1.024081e+09
6112 	 8.545195e+08
6120 	 8.851428e+08
6128 	 8.862998e+08
6136 	 7.569485e+08
6144 	 1.030792e+09
6152 	 1.032134e+09
6160 	 1.033477e+09
6168 	 3.861264e+08
6176 	 1.036161e+09
6184 	 8.943992e+08
6192 	 1.038845e+09
6200 	 1.000180e+09
6208 	 6.852168e+08
6216 	 1.002761e+09
6224 	 1.044214e+09
6232 	 9.013415e+08
6240 	 9.024985e+08
6248 	 1.048240e+09
6256 	 1.049583e+09
6264 	 9.059697e+08
6272 	 8.768892e+08
6280 	 8.780076e+08
6288 	 1.054951e+09
6296 	 1.056294e+09
6304 	 8.813631e+08
6312 	 1.018248e+09
6320 	 1.060320e+09
6328 	 1.061662e+09
6336 	 1.063004e+09
6344 	 8.869555e+08
6352 	 9.186972e+08
6360 	 9.198543e+08
6368 	 7.855685e+08
6376 	 8.914294e+08
6384 	 1.071057e+09
6392 	 1.072400e+09
6400 	 1.073742e+09
6408 	 1.033735e+09
6416 	 1.076426e+09
6424 	 1.077768e+09
6432 	 9.302677e+08
6440 	 1.038897e+09
6448 	 9.014957e+08
6456 	 9.337388e+08
6464 	 2.824165e+08
6472 	 8.225920e+08
6480 	 9.059697e+08
6488 	 9.070881e+08
6496 	 1.089848e+09
6504 	 1.091190e+09
6512 	 1.092532e+09
6520 	 1.051802e+09
6528 	 9.126806e+08
6536 	 9.453093e+08
6544 	 1.097901e+09
6552 	 1.099243e+09
6560 	 9.171545e+08
6568 	 9.499375e+08
6576 	 9.510946e+08
6584 	 9.522516e+08
6592 	 1.105954e+09
6600 	 1.107296e+09
6608 	 9.557228e+08
6	 8.348343e+08
4984 	 9.954481e+08
4992 	 9.970460e+08
5000 	 8.388608e+08
5008 	 7.243129e+08
5016 	 8.091780e+08
5024 	 8.428873e+08
5032 	 8.442295e+08
5040 	 8.455717e+08
5048 	 8.469139e+08
5056 	 8.482560e+08
5064 	 8.495982e+08
5072 	 8.182119e+08
5080 	 8.522826e+08
5088 	 8.207930e+08
5096 	 8.549669e+08
5104 	 8.563091e+08
5112 	 8.576513e+08
5120 	 8.589935e+08
5128 	 8.603356e+08
5136 	 8.616778e+08
5144 	 8.298269e+08
5152 	 8.643622e+08
5160 	 8.324080e+08
5168 	 8.670465e+08
5176 	 8.683887e+08
5184 	 8.697309e+08
5192 	 8.710731e+08
5200 	 8.724152e+08
5208 	 8.737574e+08
5216 	 8.414419e+08
5224 	 4.057601e+08
5232 	 8.777839e+08
5240 	 8.791261e+08
5248 	 6.474032e+08
5256 	 8.478947e+08
5264 	 8.831527e+08
5272 	 8.844948e+08
5280 	 1.107296e+09
5288 	 1.056166e+09
5296 	 1.057764e+09
5304 	 1.059361e+09
5312 	 1.060959e+09
5320 	 1.062557e+09
5328 	 1.064155e+09
5336 	 1.065753e+09
5344 	 1.067351e+09
5352 	 1.068948e+09
5360 	 1.070546e+09
5368 	 1.072144e+09
5376 	 9.019431e+08
5384 	 9.032853e+08
5392 	 9.046275e+08
5400 	 8.711247e+08
5408 	 9.073118e+08
5416 	 1.081731e+09
5424 	 7.583302e+08
5432 	 9.113384e+08
5440 	 9.126806e+08
5448 	 9.140227e+08
5456 	 9.153649e+08
5464 	 9.167071e+08
5472 	 9.180493e+08
5480 	 9.193914e+08
5488 	 7.672780e+08
5496 	 1.097709e+09
5504 	 9.234180e+08
5512 	 9.247601e+08
5520 	 9.261023e+08
5528 	 9.274445e+08
5536 	 8.930641e+08
5544 	 3.470630e+08
5552 	 7.056599e+08
5560 	 9.328132e+08
5568 	 9.341554e+08
5576 	 9.354976e+08
5584 	 8.076205e+08
5592 	 9.381819e+08
5600 	 9.395241e+08
5608 	 9.408663e+08
5616 	 9.059697e+08
5624 	 9.435506e+08
5632 	 8.145628e+08
5640 	 9.098413e+08
5648 	 9.475772e+08
5656 	 9.489193e+08
5664 	 9.137130e+08
5672 	 9.516037e+08
5680 	 9.529459e+08
5688 	 1.136057e+09
5696 	 9.556302e+08
5704 	 9.201658e+08
5712 	 9.583146e+08
5720 	 9.596568e+08
5728 	 9.609989e+08
5736 	 9.623411e+08
5744 	 9.636833e+08
5752 	 1.148840e+09
5760 	 9.663676e+08
5768 	 8.342326e+08
5776 	 9.317808e+08
5784 	 9.703942e+08
5792 	 9.717364e+08
5800 	 9.730785e+08
5808 	 1.160025e+09
5816 	 9.757629e+08
5824 	 9.771051e+08
5832 	 9.784472e+08
5840 	 9.421052e+08
5848 	 9.811316e+08
5856 	 9.824738e+08
5864 	 1.229770e+09
5872 	 9.851581e+08
5880 	 9.865003e+08
5888 	 8.232021e+08
5896 	 8.527454e+08
5904 	 9.905268e+08
5912 	 6.701818e+08
5920 	 8.562165e+08
5928 	 6.719955e+08
5936 	 9.958955e+08
5944 	 8.310314e+08
5952 	 9.985799e+08
5960 	 8.620018e+08
5968 	 8.631588e+08
5976 	 9.640446e+08
5984 	 1.003949e+09
5992 	 1.005291e+09
6000 	 1.006633e+09
6008 	 9.692069e+08
6016 	 8.701011e+08
6024 	 8.712582e+08
6032 	 9.730785e+08
6040 	 1.013344e+09
6048 	 1.014686e+09
6056 	 1.016028e+09
6064 	 9.782407e+08
6072 	 1.018713e+09
6080 	 1.020055e+09
6088 	 8.511641e+08
6096 	 9.834030e+08
6104 	 1.219144e+09
6112 	 1.025423e+09
6120 	 9.872746e+08
6128 	 1.028108e+09
6136 	 1.029450e+09
6144 	 9.911463e+08
6152 	 1.032134e+09
6160 	 1.033477e+09
6168 	 1.034819e+09
6176 	 1.036161e+09
6184 	 1.037503e+09
6192 	 1.038845e+09
6200 	 1.238318e+09
6208 	 8.978703e+08
6216 	 1.042872e+09
6224 	 1.004052e+09
6232 	 7.687913e+08
6240 	 1.046898e+09
6248 	 1.048240e+09
6256 	 9.048126e+08
6264 	 1.050925e+09
6272 	 1.052267e+09
6280 	 1.053609e+09
6288 	 7.992056e+08
6296 	 1.056294e+09
6304 	 1.016957e+09
6312 	 1.058978e+09
6320 	 1.060320e+09
6328 	 1.061662e+09
6336 	 1.063004e+09
6344 	 1.064347e+09
6352 	 1.065689e+09
6360 	 1.067031e+09
6368 	 9.210113e+08
6376 	 1.069715e+09
6384 	 1.071057e+09
6392 	 1.276666e+09
6400 	 1.073742e+09
6408 	 1.075084e+09
6416 	 9.279536e+08
6424 	 8.981403e+08
6432 	 1.079111e+09
6440 	 6.431266e+08
6448 	 9.014957e+08
6456 	 9.026142e+08
6464 	 9.348959e+08
6472 	 9.360529e+08
6480 	 9.059697e+08
6488 	 1.046640e+09
6496 	 1.089848e+09
6504 	 1.091190e+09
6512 	 1.092532e+09
6520 	 1.051802e+09
6528 	 1.095217e+09
6536 	 9.453093e+08
6544 	 9.464664e+08
6552 	 1.099243e+09
6560 	 1.058255e+09
6568 	 1.101928e+09
6576 	 1.103270e+09
6584 	 1.104612e+09
6592 	 8.132015e+08
6600 	 1.064708e+09
6608 	 9.238654e+08
6616 	 9.568798e+08
6624 	 1.111323e+09
6632 	 1.069870e+09
6640 	 9.603510e+08
6648 	 1.115349e+09
6656 	 8.459784e+08
6664 	 1.118034e+09
6672 	 1.119376e+09
6680 	 1.120718e+09
6688 	 1.122060e+09
6696 	 9.684503e+08
6704 	 9.696074e+08
6712 	 9.707644e+08
6720 	 1.084066e+09
6728 	 1.128771e+09
6736 	 1.130113e+09
6744 	 1.131455e+09
6752 	 9.439980e+08
6760 	 1.090519e+09
6768 	 9.788638e+08
6776 	 1.136824e+09
6784 	 1.138166e+09
6792 	 1.095681e+09
6800 	 1.140851e+09
6808 	 9.846490e+08
6816 	 9.858061e+08
6824 	 1.144877e+09
6832 	 1.146219e+09
6840 	 1.147562e+09
6848 	 7.558577e+08
6856 	 1.106006e+09
6864 	 9.927484e+08
6872 	 1.152930e+09
6880 	 1.154272e+09
6888 	 8.754656e+08
6896 	 9.973766e+08
6904 	 1.158299e+09
6912 	 1.115040e+09
6920 	 1.000848e+09
6928 	 1.002005e+09
6936 	 1.163668e+09
6944 	 1.004319e+09
6952 	 1.005476e+09
6960 	 1.167694e+09
6968 	 9.741970e+08
6976 	 1.125364e+09
6984 	 8.615594e+08
6992 	 9.775525e+08
7000 	 1.174405e+09
7008 	 3.919158e+08
7016 	 8.655070e+08
7024 	 9.820264e+08
7032 	 1.179774e+09
7040 	 1.181116e+09
7048 	 1.019361e+09
7056 	 1.020518e+09
7064 	 8.978353e+08
7072 	 1.186485e+09
7080 	 1.023989e+09
7088 	 9.909742e+08
7096 	 1.144722e+09
7104 	 9.932112e+08
7112 	 1.028617e+09
7120 	 1.029774e+09
7128 	 1.030931e+09
7136 	 1.032088e+09
7144 	 1.033245e+09
7152 	 1.034402e+09
7160 	 1.201249e+09
7168 	 1.036716e+09
7176 	 1.037873e+09
7184 	 1.039030e+09
7192 	 1.040187e+09
7200 	 1.207960e+09
7208 	 1.007751e+09
7216 	 1.164081e+09
7224 	 1.044816e+09
7232 	 1.213328e+09
7240 	 1.047130e+09
7248 	 1.216013e+09
7256 	 1.217355e+09
7264 	 1.050601e+09
7272 	 1.051758e+09
7280 	 4.557393e+08
7288 	 1.054072e+09
7296 	 1.055229e+09
7304 	 1.056386e+09
7312 	 1.057543e+09
7320 	 1.228092e+09
7328 	 9.039959e+08
7336 	 9.049828e+08
7344 	 1.232119e+09
7352 	 1.063328e+09
7360 	 1.064485e+09
7368 	 1.030121e+09
7376 	 1.031240e+09
7384 	 1.238830e+09
7392 	 1.240172e+09
7400 	 1.070271e+09
7408 	 1.071428e+09
7416 	 1.244198e+09
7424 	 1.073742e+09
7432 	 1.074899e+09
7440 	 1.248225e+09
7448 	 1.201507e+09
7456 	 1.042424e+09
7464 	 1.043543e+09
7472 	 1.080684e+09
7480 	 1.254936e+09
7488 	 9.517257e+08
7496 	 1.084155e+09
7504 	 1.085312e+09
7512 	 1.260304e+09
7520 	 1.261647e+09
7528 	 1.088783e+09
7536 	 1.053609e+09
7544 	 1.054728e+09
7552 	 1.218284e+09
7560 	 1.268358e+09
7568 	 1.269700e+09
7576 	 1.271042e+09
7584 	 1.096883e+09
7592 	 1.273726e+09
7600 	 1.275068e+09
7608 	 1.100354e+09
7616 	 1.101511e+09
7624 	 1.065912e+09
7632 	 1.067031e+09
7640 	 1.068149e+09
7648 	 1.069268e+09
7656 	 1.070386e+09
7664 	 1.236352e+09
7672 	 1.072623e+09
7680 	 9.474193e+08
7688 	 9.484062e+08
7696 	 1.113082e+09
7704 	 1.114239e+09
7712 	 1.115396e+09
7720 	 1.116553e+09
7728 	 9.533406e+08
7736 	 1.552495e+08
7744 	 1.082690e+09
7752 	 1.083808e+09
7760 	 5.917782e+08
7768 	 8.574040e+08
7776 	 1.304596e+09
7784 	 1.305938e+09
7792 	 1.126966e+09
7800 	 9.913809e+08
7808 	 1.129280e+09
7816 	 1.130437e+09
7824 	 1.131594e+09
7832 	 1.132751e+09
7840 	 1.315334e+09
7848 	 1.135065e+09
7856 	 9.691309e+08
7864 	 1.099467e+09
7872 	 1.138537e+09
7880 	 1.101704e+09
7888 	 1.102822e+09
7896 	 9.740654e+08
7904 	 1.105059e+09
7912 	 1.106178e+09
7920 	 1.107296e+09
7928 	 1.146636e+09
7936 	 1.109533e+09
7944 	 9.799868e+08
7952 	 1.150107e+09
7960 	 1.112889e+09
7968 	 1.152421e+09
7976 	 1.153578e+09
7984 	 1.014767e+09
7992 	 1.155892e+09
8000 	 1.157049e+09
616 	 7.302504e+08
6624 	 9.261023e+08
6632 	 1.112665e+09
6640 	 1.114007e+09
6648 	 1.115349e+09
6656 	 9.626651e+08
6664 	 9.316947e+08
6672 	 1.119376e+09
6680 	 1.120718e+09
6688 	 9.672933e+08
6696 	 1.123402e+09
6704 	 1.081485e+09
6712 	 1.126087e+09
6720 	 9.719215e+08
6728 	 9.730785e+08
6736 	 9.417611e+08
6744 	 1.131455e+09
6752 	 1.132798e+09
6760 	 1.134140e+09
6768 	 1.135482e+09
6776 	 9.473535e+08
6784 	 8.368870e+08
6792 	 9.823349e+08
6800 	 1.140851e+09
6808 	 1.142193e+09
6816 	 1.099553e+09
6824 	 9.540643e+08
6832 	 9.881202e+08
6840 	 1.147562e+09
6848 	 8.447822e+08
6856 	 9.585383e+08
6864 	 9.596568e+08
6872 	 9.939054e+08
6880 	 9.950625e+08
6888 	 1.155615e+09
6896 	 9.973766e+08
6904 	 9.652492e+08
6912 	 9.663676e+08
6920 	 1.000848e+09
6928 	 1.002005e+09
6936 	 1.003162e+09
6944 	 1.004319e+09
6952 	 9.719600e+08
6960 	 9.730785e+08
6968 	 1.007790e+09
6976 	 1.008947e+09
6984 	 3.905736e+08
6992 	 1.011261e+09
7000 	 1.012418e+09
7008 	 8.907176e+08
7016 	 1.014732e+09
7024 	 1.015889e+09
7032 	 1.017046e+09
7040 	 9.842633e+08
7048 	 9.853818e+08
7056 	 9.865003e+08
7064 	 1.021675e+09
7072 	 1.022832e+09
7080 	 1.023989e+09
7088 	 1.025146e+09
7096 	 9.920927e+08
7104 	 9.932112e+08
7112 	 1.028617e+09
7120 	 9.049529e+08
7128 	 1.030931e+09
7136 	 1.032088e+09
7144 	 1.033245e+09
7152 	 1.034402e+09
7160 	 1.001041e+09
7168 	 7.158279e+08
7176 	 1.037873e+09
7184 	 1.039030e+09
7192 	 1.005514e+09
7200 	 1.161500e+09
7208 	 1.042501e+09
7216 	 1.210644e+09
7224 	 1.044816e+09
7232 	 1.045973e+09
7240 	 1.012225e+09
7248 	 1.013344e+09
7256 	 1.014462e+09
7264 	 4.547377e+08
7272 	 8.026573e+08
7280 	 8.035403e+08
7288 	 1.018936e+09
7296 	 7.286105e+08
7304 	 1.056386e+09
7312 	 1.057543e+09
7320 	 1.058700e+09
7328 	 9.039959e+08
7336 	 1.230777e+09
7344 	 1.026766e+09
7352 	 1.027884e+09
7360 	 1.234803e+09
7368 	 1.065642e+09
7376 	 1.066800e+09
7384 	 1.067957e+09
7392 	 1.069114e+09
7400 	 1.034595e+09
7408 	 1.035713e+09
7416 	 1.196345e+09
7424 	 1.073742e+09
7432 	 1.074899e+09
7440 	 1.076056e+09
7448 	 1.249567e+09
7456 	 1.078370e+09
7464 	 1.079527e+09
7472 	 1.080684e+09
7480 	 1.254936e+09
7488 	 9.237338e+08
7496 	 1.048017e+09
7504 	 1.049135e+09
7512 	 1.086469e+09
7520 	 1.087626e+09
7528 	 1.088783e+09
7536 	 1.089941e+09
7544 	 1.091098e+09
7552 	 1.092255e+09
7560 	 1.093412e+09
7568 	 1.094569e+09
7576 	 1.059202e+09
7584 	 1.060320e+09
7592 	 1.061439e+09
7600 	 1.099197e+09
7608 	 1.100354e+09
7616 	 1.101511e+09
7624 	 1.102668e+09
7632 	 1.103825e+09
7640 	 1.104982e+09
7648 	 1.106139e+09
7656 	 1.107296e+09
7664 	 9.740953e+08
7672 	 9.751121e+08
7680 	 1.110767e+09
7688 	 1.111924e+09
7696 	 9.781625e+08
7704 	 1.114239e+09
7712 	 1.115396e+09
7720 	 2.676035e+08
7728 	 8.760427e+08
7736 	 1.118867e+09
7744 	 9.842633e+08
7752 	 1.121181e+09
7760 	 5.166317e+08
7768 	 1.086045e+09
7776 	 1.087164e+09
7784 	 1.088282e+09
7792 	 1.089401e+09
7800 	 1.128123e+09
7808 	 9.632096e+08
7816 	 1.092756e+09
7824 	 9.651834e+08
7832 	 9.661703e+08
7840 	 1.096111e+09
7848 	 1.135065e+09
7856 	 1.136222e+09
7864 	 1.137380e+09
7872 	 9.711047e+08
7880 	 1.139694e+09
7888 	 1.140851e+09
7896 	 9.740654e+08
7904 	 1.143165e+09
7912 	 1.144322e+09
7920 	 9.770261e+08
7928 	 9.780130e+08
7936 	 9.789999e+08
7944 	 1.110652e+09
7952 	 1.111770e+09
7960 	 7.949205e+08
7968 	 1.152421e+09
7976 	 1.013751e+09
7984 	 1.154735e+09
7992 	 1.155892e+09
8000 	 1.157049e+09
616 	 9.568798e+08
6624 	 9.580369e+08
6632 	 9.272208e+08
6640 	 9.603510e+08
6648 	 1.115349e+09
6656 	 8.459784e+08
6664 	 9.638221e+08
6672 	 9.649792e+08
6680 	 1.120718e+09
6688 	 9.350502e+08
6696 	 9.684503e+08
6704 	 9.696074e+08
6712 	 9.707644e+08
6720 	 1.084066e+09
6728 	 1.128771e+09
6736 	 1.130113e+09
6744 	 9.753926e+08
6752 	 9.439980e+08
6760 	 9.451165e+08
6768 	 9.788638e+08
6776 	 1.136824e+09
6784 	 1.138166e+09
6792 	 9.495904e+08
6800 	 9.507089e+08
6808 	 9.846490e+08
6816 	 9.858061e+08
6824 	 9.869631e+08
6832 	 1.146219e+09
6840 	 1.147562e+09
6848 	 7.558577e+08
6856 	 9.585383e+08
6864 	 9.927484e+08
6872 	 1.152930e+09
6880 	 1.154272e+09
6888 	 7.808207e+08
6896 	 9.973766e+08
6904 	 1.158299e+09
6912 	 9.663676e+08
6920 	 1.000848e+09
6928 	 1.002005e+09
6936 	 1.003162e+09
6944 	 1.004319e+09
6952 	 1.005476e+09
6960 	 1.006633e+09
6968 	 9.741970e+08
6976 	 9.753155e+08
6984 	 8.615594e+08
6992 	 9.775525e+08
7000 	 9.786709e+08
7008 	 3.919158e+08
7016 	 9.809079e+08
7024 	 9.820264e+08
7032 	 1.017046e+09
7040 	 8.947849e+08
7048 	 8.958017e+08
7056 	 1.020518e+09
7064 	 8.978353e+08
7072 	 8.988521e+08
7080 	 1.023989e+09
7088 	 9.909742e+08
7096 	 9.920927e+08
7104 	 9.932112e+08
7112 	 1.028617e+09
7120 	 1.029774e+09
7128 	 1.030931e+09
7136 	 1.032088e+09
7144 	 1.033245e+09
7152 	 1.034402e+09
7160 	 1.035559e+09
7168 	 8.125614e+08
7176 	 9.120705e+08
7184 	 1.039030e+09
7192 	 1.040187e+09
7200 	 1.041344e+09
7208 	 8.891924e+08
7216 	 8.901793e+08
7224 	 1.044816e+09
7232 	 1.045973e+09
7240 	 9.202049e+08
7248 	 1.048287e+09
7256 	 9.222385e+08
7264 	 1.050601e+09
7272 	 1.051758e+09
7280 	 4.071271e+08
7288 	 1.054072e+09
7296 	 1.055229e+09
7304 	 1.056386e+09
7312 	 1.057543e+09
7320 	 1.228092e+09
7328 	 9.039959e+08
7336 	 8.097214e+08
7344 	 1.232119e+09
7352 	 1.063328e+09
7360 	 1.064485e+09
7368 	 1.030121e+09
7376 	 1.031240e+09
7384 	 1.032358e+09
7392 	 1.069114e+09
7400 	 1.070271e+09
7408 	 1.071428e+09
7416 	 1.244198e+09
7424 	 1.073742e+09
7432 	 1.074899e+09
7440 	 1.076056e+09
7448 	 1.041306e+09
7456 	 1.042424e+09
7464 	 1.043543e+09
7472 	 1.080684e+09
7480 	 1.254936e+09
7488 	 9.517257e+08
7496 	 1.084155e+09
7504 	 1.085312e+09
7512 	 1.086469e+09
7520 	 1.087626e+09
7528 	 1.088783e+09
7536 	 1.053609e+09
7544 	 1.054728e+09
7552 	 1.055846e+09
7560 	 9.326158e+08
7568 	 9.336027e+08
7576 	 1.095726e+09
7584 	 1.096883e+09
7592 	 1.098040e+09
7600 	 1.099197e+09
7608 	 1.100354e+09
7616 	 1.101511e+09
7624 	 1.065912e+09
7632 	 1.067031e+09
7640 	 1.068149e+09
7648 	 1.069268e+09
7656 	 9.444586e+08
7664 	 1.071505e+09
7672 	 1.072623e+09
7680 	 9.474193e+08
7688 	 9.484062e+08
7696 	 9.781625e+08
7704 	 1.114239e+09
7712 	 1.115396e+09
7720 	 1.116553e+09
7728 	 9.533406e+08
7736 	 1.516221e+08
7744 	 8.547550e+08
7752 	 1.083808e+09
7760 	 5.917782e+08
7768 	 8.574040e+08
7776 	 9.883305e+08
7784 	 1.125809e+09
7792 	 1.126966e+09
7800 	 8.842046e+08
7808 	 1.129280e+09
7816 	 9.934145e+08
7824 	 1.131594e+09
7832 	 1.132751e+09
7840 	 9.671572e+08
7848 	 1.135065e+09
7856 	 9.691309e+08
7864 	 1.099467e+09
7872 	 9.711047e+08
7880 	 1.101704e+09
7888 	 1.102822e+09
7896 	 9.740654e+08
7904 	 1.105059e+09
7912 	 9.760392e+08
7920 	 9.770261e+08
7928 	 1.146636e+09
7936 	 1.109533e+09
7944 	 9.799868e+08
7952 	 1.150107e+09
7960 	 9.819606e+08
7968 	 1.012734e+09
7976 	 1.153578e+09
7984 	 1.014767e+09
7992 	 1.015784e+09
8000 	 1.157049e+09
616 	 7.302504e+08
6624 	 9.261023e+08
6632 	 1.112665e+09
6640 	 9.603510e+08
6648 	 1.115349e+09
6656 	 1.116691e+09
6664 	 9.316947e+08
6672 	 1.119376e+09
6680 	 1.120718e+09
6688 	 9.672933e+08
6696 	 1.123402e+09
6704 	 1.081485e+09
6712 	 1.126087e+09
6720 	 1.127429e+09
6728 	 1.128771e+09
6736 	 9.417611e+08
6744 	 1.131455e+09
6752 	 1.132798e+09
6760 	 1.134140e+09
6768 	 1.135482e+09
6776 	 1.136824e+09
6784 	 9.811779e+08
6792 	 9.823349e+08
6800 	 1.140851e+09
6808 	 1.142193e+09
6816 	 1.099553e+09
6824 	 1.144877e+09
6832 	 9.881202e+08
6840 	 9.892772e+08
6848 	 9.574198e+08
6856 	 9.585383e+08
6864 	 9.596568e+08
6872 	 1.152930e+09
6880 	 9.950625e+08
6888 	 1.155615e+09
6896 	 1.156957e+09
6904 	 9.652492e+08
6912 	 1.159641e+09
6920 	 1.000848e+09
6928 	 1.002005e+09
6936 	 1.163668e+09
6944 	 1.165010e+09
6952 	 9.719600e+08
6960 	 9.730785e+08
6968 	 1.007790e+09
6976 	 1.008947e+09
6984 	 3.905736e+08
6992 	 1.011261e+09
7000 	 1.012418e+09
7008 	 8.907176e+08
7016 	 1.177089e+09
7024 	 1.015889e+09
7032 	 1.017046e+09
7040 	 9.842633e+08
7048 	 1.136979e+09
7056 	 9.865003e+08
7064 	 1.185143e+09
7072 	 1.186485e+09
7080 	 1.023989e+09
7088 	 1.189169e+09
7096 	 9.920927e+08
7104 	 1.191853e+09
7112 	 1.028617e+09
7120 	 1.029774e+09
7128 	 1.030931e+09
7136 	 1.197222e+09
7144 	 1.033245e+09
7152 	 1.199906e+09
7160 	 1.001041e+09
7168 	 7.158279e+08
7176 	 1.037873e+09
7184 	 1.205275e+09
7192 	 1.005514e+09
7200 	 1.161500e+09
7208 	 1.042501e+09
7216 	 1.210644e+09
7224 	 1.211986e+09
7232 	 1.045973e+09
7240 	 1.012225e+09
7248 	 1.169243e+09
7256 	 1.170533e+09
7264 	 4.547377e+08
7272 	 7.262138e+08
7280 	 1.221381e+09
7288 	 1.018936e+09
7296 	 8.053064e+08
7304 	 1.056386e+09
7312 	 1.057543e+09
7320 	 1.228092e+09
7328 	 9.039959e+08
7336 	 1.230777e+09
7344 	 1.026766e+09
7352 	 1.027884e+09
7360 	 1.234803e+09
7368 	 1.065642e+09
7376 	 1.066800e+09
7384 	 1.238830e+09
7392 	 1.069114e+09
7400 	 1.034595e+09
7408 	 1.035713e+09
7416 	 1.196345e+09
7424 	 1.073742e+09
7432 	 1.074899e+09
7440 	 1.076056e+09
7448 	 1.249567e+09
7456 	 1.078370e+09
7464 	 1.079527e+09
7472 	 1.253594e+09
7480 	 1.045780e+09
7488 	 1.046898e+09
7496 	 1.048017e+09
7504 	 1.049135e+09
7512 	 1.086469e+09
7520 	 1.087626e+09
7528 	 1.262989e+09
7536 	 1.089941e+09
7544 	 1.091098e+09
7552 	 1.092255e+09
7560 	 1.093412e+09
7568 	 1.269700e+09
7576 	 1.222156e+09
7584 	 1.060320e+09
7592 	 1.061439e+09
7600 	 1.099197e+09
7608 	 1.100354e+09
7616 	 1.101511e+09
7624 	 1.102668e+09
7632 	 1.103825e+09
7640 	 1.104982e+09
7648 	 1.106139e+09
7656 	 1.107296e+09
7664 	 1.108453e+09
7672 	 1.109610e+09
7680 	 9.761289e+08
7688 	 1.111924e+09
7696 	 1.113082e+09
7704 	 1.114239e+09
7712 	 1.115396e+09
7720 	 2.767524e+08
7728 	 1.117710e+09
7736 	 1.297885e+09
7744 	 9.842633e+08
7752 	 1.121181e+09
7760 	 5.166317e+08
7768 	 1.086045e+09
7776 	 1.087164e+09
7784 	 1.088282e+09
7792 	 1.089401e+09
7800 	 1.128123e+09
7808 	 9.632096e+08
7816 	 1.092756e+09
7824 	 1.131594e+09
7832 	 9.661703e+08
7840 	 1.096111e+09
7848 	 1.135065e+09
7856 	 1.136222e+09
7864 	 1.137380e+09
7872 	 1.138537e+09
7880 	 1.139694e+09
7888 	 1.140851e+09
7896 	 1.142008e+09
7904 	 1.143165e+09
7912 	 1.144322e+09
7920 	 1.145479e+09
7928 	 1.108415e+09
7936 	 1.109533e+09
7944 	 1.110652e+09
7952 	 1.111770e+09
7960 	 7.949205e+08
7968 	 1.152421e+09
7976 	 1.153578e+09
7984 	 1.339493e+09
7992 	 1.340835e+09
8000 	 1.157049e+09
